0.15826201438904 seconds
3976	3686	3866	3823	4021	4046	3689	4240	4040	4073	4133	3854	4100	4009	4033	3505	3828	3954	3798	3698	3559	4293	4097	4147	4194	4131	3963	4248	3957	4108	4029	3543	4239	4216	4274	4153	3925	4270	3807	3359	3929	3908	4120	4295	3827	3842	4095	3954	3752	3900	3951	3906	3672	3535	3897	3855	3917	3609	3585	3602	4120	3699	3729	4036	4169	3545	3829	3870	4088	3674	3789	3942	4073	3906	4007	3833	3724	4351	4220	4152	3733	3847	3939	3766	3644	3968	3640	3736	4199	4185	3977	3603	3657	4241	3344	4143	4281	3838	3854	3807	3948	3763	4239	4335	4016	3767	3985	4001	3822	4001	3709	3913	3834	3831	3574	3934	3938	3993	3697	3750	3861	3985	3689	3624	4019	3517	4103	3733
3756	3778	3856	3776	3926	3917	3565	3855	3965	3850	3859	3552	4107	4020	3967	3404	3681	4054	3822	3674	3481	4058	4002	3860	4072	3977	3915	3958	3822	3719	3918	3456	3868	4077	4218	3990	3914	4158	3809	3479	3917	3849	3943	4002	3715	4016	3997	3884	3708	3719	3758	3911	3473	3395	3677	3655	3987	3739	3629	3496	3998	3573	3684	4047	4289	3477	3703	3748	3921	3570	3623	3792	3909	3899	3908	3915	3547	4364	3885	3968	3940	3868	3890	3803	3578	3978	3531	3970	3982	4032	3957	3532	3485	3996	3309	3909	4338	3781	3780	3792	3588	3699	4061	4308	3888	3709	4030	3828	3573	3990	3485	3809	3688	3778	3560	3672	3924	3855	3696	3562	3781	3850	3629	3392	3818	3346	4110	3580
3557	3464	3760	3500	3642	3848	3525	3747	3741	3747	3679	3276	3638	3901	3849	3102	3314	3700	3476	3302	3063	3976	3985	3771	3762	3680	3668	3634	3467	3638	3487	3301	3981	3763	3957	3863	3604	4026	3795	3142	3700	3675	3780	3952	3569	3594	3825	3622	3538	3587	3674	3651	3158	3058	3313	3427	3680	3296	3418	3269	3766	3409	3487	3716	4019	3406	3420	3472	3668	3224	3389	3745	3611	3606	3625	3471	3448	4104	3816	3947	3567	3483	3645	3526	3372	3528	3274	3593	3742	3791	3708	3385	3211	3884	3214	3979	3937	3495	3471	3797	3304	3368	4001	4032	3595	3644	3850	3744	3440	3747	3346	3530	3621	3546	3278	3694	3751	3790	3420	3448	3595	3677	3324	3329	3604	3202	3915	3209
3882	3694	3803	3718	3788	3693	3406	3822	3784	3689	3809	3476	4267	3730	3625	3382	3534	4035	3764	3558	3324	4029	4092	3902	3878	3862	3761	3946	3645	3764	3710	3487	3720	3925	4119	4040	3699	4119	3611	3423	3765	3727	3907	3912	3628	3802	3847	3935	3431	3563	3716	3967	3645	3396	3648	3810	3702	3607	3699	3524	3856	3513	3655	3772	4051	3355	3833	3662	3857	3228	3623	3828	3779	3800	3916	3739	3433	4146	4011	3926	3798	3665	3716	3669	3481	3874	3551	3756	4008	3985	3895	3500	3420	4092	3526	4035	4151	3802	3589	3822	3673	3709	3941	4147	3752	3730	3891	3717	3627	3807	3444	3831	3513	3763	3554	3385	3885	3949	3684	3545	3641	3747	3425	3389	3813	3218	3874	3749
3825	3646	3895	3507	3794	3759	3459	4014	3791	3735	3759	3575	4049	3778	3864	3370	3584	4004	3716	3577	3402	4080	4067	3925	3875	3926	3708	3852	3643	3741	3913	3452	3729	3866	4080	3905	3659	4069	3677	3495	3935	3706	3867	3960	3540	3685	3910	3699	3514	3903	3680	3944	3507	3464	3692	3894	3741	3716	3688	3498	3887	3549	3695	3716	4088	3172	3609	3668	4022	3287	3585	3739	3832	3799	3948	3639	3672	4336	3896	4029	3862	3793	3735	3735	3545	3864	3404	3829	4013	3909	3850	3578	3472	4003	3268	3988	4156	3769	3670	3874	3688	3751	3998	4108	3766	3812	4010	3823	3791	3771	3610	3670	3643	3733	3428	3675	3671	4000	3608	3434	3675	3886	3406	3220	3861	3298	3961	3431
3681	3660	3661	3609	3590	3661	3366	3866	3591	3506	3861	3310	3896	3811	3735	3161	3370	3769	3707	3577	3333	4038	3833	3757	3747	3772	3525	3660	3608	3545	3517	3207	3628	3752	3881	3869	3490	3979	3644	3341	3602	3649	3623	3640	3494	3816	3701	3679	3735	3569	3557	3790	3365	3166	3516	3531	3585	3358	3527	3325	3804	3494	3624	3659	3964	3514	3420	3589	3791	3240	3438	3609	3603	3825	3725	3352	3368	4159	3964	3988	3631	3771	3705	3444	3414	3768	3305	3561	3631	3920	3633	3431	3176	3980	2986	3771	3995	3657	3503	3515	3474	3593	3733	4036	3755	3512	3816	3742	3467	3667	3446	3601	3541	3614	3306	3430	3726	3717	3406	3400	3647	3622	3305	3213	3626	3254	3762	3552
3463	3318	3503	3275	3363	3491	3259	3541	3459	3327	3356	3354	3723	3476	3438	2946	3013	3567	3396	3242	2888	3821	3838	3396	3372	3515	3320	3481	3364	3176	3249	3210	3478	3604	3666	3546	3304	3798	3350	2894	3448	3404	3542	3719	3318	3483	3542	3547	3116	3367	3446	3581	3047	3082	3245	3375	3316	3417	3245	2939	3401	3099	3297	3367	3698	2956	3366	3298	3549	2994	3204	3287	3374	3390	3679	3311	3251	3741	3700	3574	3462	3443	3429	3118	3052	3442	3143	3487	3510	3625	3528	3051	2965	3656	2908	3668	3697	3416	3220	3341	3378	3193	3471	3554	3376	3315	3514	3599	3400	3248	3273	3250	3379	3422	3035	3174	3353	3623	3177	3314	3300	3357	3092	3051	3264	2999	3530	3116
4284	3896	4082	4013	4133	4330	3867	4200	4158	4263	4300	3828	4350	4056	4093	3599	3975	4296	4074	3992	3688	4502	4481	4322	4259	4325	4233	4306	4134	4102	4018	3826	4272	4355	4407	4529	4127	4574	4012	3567	4359	4046	4286	4136	4021	4237	4116	4123	4036	4045	4050	4456	3857	3717	4130	4054	4268	3901	4022	3681	4217	3701	4138	4080	4367	3658	3930	4088	4230	3603	3997	4075	4204	4138	4347	3835	3708	4537	4473	4240	4085	4161	4277	4067	3652	4110	3901	4072	4313	4288	4335	3766	3707	4463	3670	4389	4656	4325	3896	4144	3836	4141	4408	4586	4143	3963	4368	4025	4085	4243	3919	4179	4057	4010	3745	4036	4193	4190	3914	3882	4075	4219	3878	3912	4111	3607	4319	3855
3966	3744	3783	3759	3935	4097	3753	3995	4154	3969	3954	3823	4123	3987	4021	3515	3738	4058	3863	3968	3454	4270	4243	4142	3831	3985	3969	4137	3753	3961	3919	3584	3972	4044	4443	4050	3988	4420	3952	3632	4079	4097	3971	3906	3764	3955	3951	4043	3786	3941	3768	4206	3714	3581	4042	4013	4154	3792	3884	3566	4007	3759	3878	4111	4270	3719	3852	3847	4054	3613	3800	3980	4180	4002	4251	3803	3850	4386	4235	4307	4148	3982	4078	3879	3664	4098	3627	3895	4040	4081	4106	3593	3570	4359	3440	4203	4314	4053	3910	3886	3953	3749	4145	4287	3978	3795	4045	3834	3973	3987	3669	3815	3909	4064	3728	3857	4175	4047	3683	3729	3928	3979	3656	3600	3979	3515	4161	3706
3888	3825	3848	4075	3974	4001	3652	4034	3905	3797	3962	3692	4108	3899	4158	3351	3671	4011	3870	3772	3294	4275	4185	3973	3986	4083	3936	4119	3950	4040	3764	3517	4111	4160	4332	4313	3932	4403	3834	3440	4001	3994	3979	4134	3473	3995	3998	3960	3691	3832	3820	3985	3538	3762	3872	3855	4002	3320	3840	3472	4004	3468	3863	4038	4291	3493	3805	3736	4172	3380	3846	3873	3957	3878	4060	3867	3807	4313	4029	4024	4009	4007	4034	3758	3714	3914	3740	3774	4138	4059	4183	3556	3577	4284	3174	4080	4116	3899	3836	3996	3691	3727	4153	4314	4050	3669	4121	3835	3765	4146	3636	3665	3837	3902	3646	3860	4037	3848	3690	3676	3611	3923	3776	3405	3856	3573	4082	3790
3642	3404	3523	3502	3516	3611	3298	3755	3589	3570	3503	3416	3868	3748	3509	3121	3111	3843	3451	3417	3184	3877	3975	3742	3566	3658	3443	3681	3320	3638	3655	3346	3528	3753	3892	3718	3483	3961	3495	3093	3696	3466	3578	3876	3557	3802	3745	3736	3306	3491	3542	3727	3341	3152	3318	3321	3442	3388	3507	3242	3878	3229	3560	3564	3709	3244	3565	3508	3741	3286	3429	3425	3622	3565	3737	3496	3162	3952	3873	3752	3697	3650	3609	3599	3423	3635	3241	3571	3682	3848	3599	3459	3031	3789	3098	3847	3908	3569	3361	3636	3330	3523	3650	3892	3575	3501	3765	3528	3511	3673	3455	3578	3495	3460	3390	3435	3778	3652	3391	3553	3660	3828	3392	3116	3452	3138	3699	3582
3516	3557	3692	3618	3790	3742	3616	3866	3734	3747	3690	3571	3874	3816	3947	3122	3574	3763	3596	3504	3197	4005	3936	3848	3822	3892	3697	3760	3563	3716	3620	3298	3855	3954	3977	4075	3617	4004	3603	3142	3752	3828	3891	4015	3600	3594	3814	3633	3401	3462	3583	3807	3410	3331	3492	3671	3684	3340	3486	3197	3798	3524	3655	3569	3856	3345	3632	3573	3887	3245	3572	3755	3635	3582	3724	3626	3547	3981	3735	3850	3587	3685	3850	3684	3524	3678	3431	3492	3878	3794	3757	3184	3411	4085	3215	3781	3679	3505	3657	3793	3526	3567	4100	4034	3760	3595	3781	3781	3416	3677	3418	3490	3568	3563	3437	3694	3784	3646	3620	3471	3541	3747	3548	3271	3588	3281	3826	3344
3921	3581	3762	3652	3858	3812	3583	3981	3711	3810	3729	3619	3985	3879	3711	3285	3577	3941	3732	3499	3238	4008	4383	3826	3732	3863	3532	3884	3559	3914	3687	3595	3919	3791	3951	4016	3653	4076	3566	3357	3877	3823	3858	3903	3601	3707	3950	3880	3413	3582	3753	4001	3459	3403	3609	3775	3853	3686	3573	3368	3683	3334	3574	3832	4052	3298	3595	3903	3880	3342	3764	3602	3825	3854	3972	3708	3457	4293	3925	3861	3722	3738	3830	3624	3575	3774	3518	3697	3932	3877	3894	3466	3510	3847	3204	3909	3991	3744	3699	3712	3603	3646	4006	4099	3532	3591	3897	3692	3622	3775	3502	3702	3539	3654	3335	3492	3920	3688	3616	3409	3866	3886	3532	3149	3787	3296	3834	3497
3761	3761	3772	3503	3721	3659	3460	4017	3789	3553	3687	3573	4017	3630	3720	3286	3548	3697	3707	3524	3136	3910	3943	3768	3751	3844	3403	3724	3700	3774	3500	3418	3758	3960	4180	4008	3592	4136	3571	3287	3802	3742	3871	3868	3272	3707	3831	3678	3479	3635	3690	3781	3379	3286	3499	3693	3562	3570	3563	3358	3777	3423	3584	3815	4175	3443	3561	3690	3908	3207	3472	3644	3741	3634	4052	3662	3590	4179	3823	4026	3575	3721	3647	3499	3540	3743	3342	3612	3853	3776	3868	3328	3239	4073	3171	3820	4004	3740	3641	3686	3515	3547	3757	4040	3590	3528	3863	3789	3605	3672	3516	3710	3774	3698	3506	3548	3637	3844	3457	3426	3638	3625	3431	3220	3820	3260	3870	3675
4147	4114	4150	4275	4263	4240	3921	4248	4389	4269	4186	4041	4370	4214	4226	3673	3958	4269	4099	4003	3650	4441	4375	4186	4185	4092	3952	4267	4094	4233	4022	3768	4151	4340	4649	4372	4100	4506	4200	3671	4176	4157	4338	4380	4047	4097	4405	4274	3995	4040	4128	4309	3820	3695	4078	4151	4140	4126	3925	3657	4198	4001	4045	4183	4532	3899	3931	3954	4306	3757	4132	3933	4148	4278	4336	4029	3829	4709	4293	4490	4132	4121	4317	3933	3845	4281	3921	4205	4316	4325	4277	3710	3640	4396	3541	4415	4729	4086	4058	4009	3924	4093	4265	4434	4298	4017	4382	4210	4092	4144	3791	4089	4106	4169	3552	4126	4162	4210	3994	3883	4182	4028	3857	3701	4208	3596	4317	3885
3929	3842	3939	3980	4030	3843	3524	4130	3799	3884	4087	3678	4294	3890	4013	3422	3619	4035	3683	3822	3526	4123	4091	3936	4123	4020	3784	4004	4018	3722	3765	3503	3956	4063	4271	4070	3884	4324	3803	3379	3860	3988	4009	4100	3890	3975	4046	3905	3634	3600	4131	4224	3620	3493	3723	3747	3855	3715	3881	3461	4094	3576	3779	3787	4257	3497	3878	3715	3956	3391	3833	3699	3869	3887	3994	3827	3696	4381	4020	4139	3866	3861	4054	3770	3467	3972	3463	3894	4081	4136	3934	3349	3405	4183	3413	4119	4209	3839	3750	4004	3654	3702	4069	4281	3939	3626	3990	3850	3727	3830	3578	3898	3711	3764	3573	3644	4063	3946	3636	3693	3663	3831	3538	3497	3705	3438	4101	3962
4064	3878	3927	4108	3922	3999	3717	4015	4114	3860	3929	3701	4279	4107	4116	3494	3703	4050	3863	3816	3277	4312	4193	4100	4189	4275	3811	4009	4031	3989	3765	3626	4060	4227	4492	4178	3941	4387	3892	3430	4094	3878	4161	4109	3629	4093	4238	4145	3710	3917	3858	4161	3610	3524	3809	3948	3947	3574	3900	3527	4222	3515	3808	4132	4324	3550	3812	3735	4208	3634	3873	3978	4056	3844	4008	3971	3763	4343	4141	4230	3894	3958	3963	3853	3702	3864	3626	4082	4252	4065	4128	3662	3469	4359	3556	4072	4388	3949	3653	3908	3749	3701	4123	4352	3944	3883	4111	3793	3775	4078	3619	3867	3934	3954	3629	3914	4020	3901	3690	3648	3786	3965	3722	3418	3966	3578	4160	3789
3729	3708	3685	3613	3645	3708	3507	3791	3803	3827	3789	3530	4064	3778	3915	3298	3713	3719	3604	3594	3507	4099	4128	3881	3938	3815	3568	3929	3761	3775	3752	3435	3870	3940	4184	3940	3762	4096	3809	3443	3762	3835	3712	3830	3764	3660	3787	3706	3695	3629	3947	3985	3542	3275	3802	3658	3641	3598	3754	3229	3842	3586	3675	3673	4145	3454	3628	3550	3901	3224	3668	3925	3984	3830	4096	3679	3666	4166	4013	4097	3827	3755	4030	3675	3448	3824	3416	3708	3956	3864	3770	3355	3469	4034	3251	3914	4223	3749	3727	3762	3817	3612	3923	3988	3861	3534	4002	3763	3765	3848	3287	3671	3538	3814	3402	3605	3780	3970	3590	3432	3922	3645	3573	3298	3945	3505	4005	3443
4010	3807	3897	3846	3882	3848	3797	3909	3923	4076	3967	3748	4184	4044	4057	3358	3907	4037	3784	3732	3568	4195	4398	3945	4234	3984	4011	4082	3918	3810	3727	3624	4013	4175	4274	4247	3871	4434	3926	3441	4029	3967	4095	4160	3933	3949	3993	4005	3729	3888	3970	4157	3609	3396	3772	3733	3951	3692	3826	3620	4131	3521	3935	3813	4184	3626	3909	3853	4015	3521	3837	3862	3771	4217	3774	3759	3773	4423	4116	4001	4151	3900	4009	3737	3698	3953	3614	3898	4122	4174	3949	3478	3648	4301	3410	4258	4539	3696	3642	3949	3768	3824	4294	4222	3878	3862	4308	3981	3909	3932	3855	4010	3809	3876	3619	3710	3835	4353	3597	3584	3812	3769	3597	3402	3711	3535	3993	3674
3780	3608	3789	3703	3698	3940	3504	4030	3928	3804	3880	3538	4009	3759	3760	3242	3545	3849	3639	3624	3232	4081	4005	3718	3822	3904	3555	3875	3694	3798	3376	3290	3970	3957	4095	4124	3622	4111	3477	3122	3916	3840	4056	3855	3513	3847	3914	3771	3515	3889	3877	4137	3491	3255	3620	3813	3714	3568	3662	3339	3787	3349	3621	3857	3990	3326	3675	3745	3961	3368	3574	3725	3799	3729	4020	3562	3592	4148	4072	4056	3500	3757	3849	3526	3399	3769	3439	3585	3904	3983	3864	3423	3393	4059	3215	3811	4110	3719	3411	3680	3596	3444	3984	4205	3768	3635	3884	3680	3707	3620	3536	3732	3739	3913	3319	3665	3814	3890	3454	3512	3593	3629	3552	3381	3579	3248	3787	3588
3900	3868	3869	3910	3848	3751	3729	4010	4135	3769	4047	3780	4238	4130	4016	3384	3686	4123	4018	3757	3419	4199	4223	4054	4084	4238	3767	3963	3637	3854	3821	3541	3860	4230	4205	4183	3859	4359	3815	3405	3921	3893	3829	4096	3888	3899	4078	3825	3697	3986	3912	4140	3675	3520	3723	3922	3969	3710	3870	3629	4194	3641	3846	3850	4202	3656	3806	3866	4089	3498	3761	3886	4100	4029	4067	3712	3487	4338	4180	4098	4009	3833	4175	3998	3650	3865	3607	3848	4177	4350	4115	3671	3601	4246	3291	4117	4029	4153	3853	3953	3779	3774	4113	4193	3843	3836	4105	3955	3863	4029	3703	3753	3854	3721	3626	3705	4273	3966	3887	3545	3918	4065	3542	3538	3820	3379	3912	3758
4089	3651	3875	3826	4010	4043	3638	3821	3926	3744	3993	3658	4183	3931	3882	3328	3698	4136	3732	3688	3375	4083	4066	4012	4055	4110	4025	3947	3821	3766	3833	3457	3945	4063	4248	4144	3935	4261	3740	3591	3925	3910	3958	3938	3649	3918	3895	4004	3595	3739	3842	3948	3542	3704	3765	3757	3927	3733	3676	3451	3903	3683	3672	3865	4094	3466	3861	3731	4143	3420	3754	3836	3966	3911	4040	3824	3518	4354	4163	3918	4015	3994	3992	3760	3643	3912	3602	3864	3890	4076	4036	3520	3636	4135	3387	4239	4247	3676	3763	3937	3753	3701	4097	4306	3967	3629	4046	3714	3658	3799	3715	3676	3613	3760	3612	3722	3943	3974	3732	3696	3735	3919	3712	3359	3776	3373	3826	3550
3948	3870	3803	3896	4016	4151	3631	4064	3986	4141	3928	3838	4287	4073	4140	3567	3886	4203	3823	3757	3484	4077	4331	4185	4061	4094	3945	4088	4035	4015	3886	3764	4133	4133	4268	4233	3961	4366	3910	3429	4078	3906	3987	4185	4027	3804	4036	3949	3704	3968	4111	4118	3515	3669	3962	4022	3849	3754	3891	3585	4148	3610	3950	4176	4407	3535	3762	3939	4053	3639	3906	3825	3842	4109	4184	3863	3675	4367	4232	4109	4017	4067	4036	3887	3904	3983	3675	4037	4131	4060	4141	3588	3617	4212	3470	4225	4281	3880	3720	3960	3701	3852	4209	4380	3959	3676	4153	4003	3908	3906	3760	4144	4011	3985	3575	3997	4043	4067	3915	3726	3933	4007	3742	3580	4097	3618	4124	3831
4371	4255	4327	4363	4583	4454	4098	4664	4644	4398	4340	4117	4725	4420	4495	3574	4142	4486	4178	4116	3798	4561	4532	4409	4551	4531	4123	4504	4242	4416	4108	3974	4299	4622	4785	4540	4099	4951	4476	3863	4271	4447	4497	4427	4194	4395	4592	4483	4181	4295	4172	4487	4090	3760	4090	4447	4426	4002	4155	3871	4685	4114	4117	4223	4902	3910	4244	4248	4364	3833	4126	4369	4586	4352	4571	4232	4165	4886	4517	4484	4429	4365	4451	4190	4017	4204	3988	4348	4445	4356	4450	3927	3922	4809	3898	4420	4759	4370	3958	4237	4213	3980	4450	4792	4337	4094	4465	4264	4160	4271	4109	4305	4251	4299	4133	4169	4307	4360	4215	3928	4085	4244	4003	3934	4277	3972	4396	4282
3977	3610	3862	3751	3956	4138	3643	4085	3934	3985	4057	3668	3915	3876	3899	3386	3678	4013	3797	3578	3416	4162	4126	4056	4045	4236	3888	3934	3732	3994	3702	3573	3965	4065	4284	4138	3917	4312	3927	3350	4044	3850	3933	3999	3727	3848	3895	3862	3690	3821	3870	4112	3596	3386	3809	3756	3953	3673	3624	3536	4020	3527	3865	3870	4132	3640	3718	3930	3785	3582	3762	3816	3787	3833	3853	3822	3422	4171	4081	3972	3854	3803	3980	3692	3595	3910	3689	3821	4148	4021	4109	3610	3356	4124	3408	4097	4023	3855	3693	3856	3719	3735	4114	4145	3902	3729	4237	3701	3797	4053	3684	3862	3780	3661	3690	3814	3948	4094	3587	3648	3878	3900	3529	3488	3922	3426	3808	3601
3781	3698	3908	3698	3866	3925	3649	3945	3966	3933	3894	3735	4024	3858	4061	3400	3633	4207	3777	3720	3557	4190	4248	4010	3814	3983	3924	4022	3918	4031	3758	3618	3929	4090	4212	4253	3867	4208	3783	3566	3995	3925	3942	4048	3787	3949	3847	4002	3690	3798	3951	4196	3612	3486	3777	3863	3960	3780	3808	3653	3920	3674	3942	3925	4131	3521	3539	3838	3980	3427	3877	3851	3862	3894	4045	3935	3731	4266	4150	4147	3928	3940	3979	3731	3734	3781	3607	3783	3975	4035	4153	3568	3641	4248	3141	4048	4342	3892	3772	3738	3740	3755	4041	4293	3990	3794	4145	3924	4051	3918	3600	3642	3736	3746	3560	3823	3934	3928	3723	3713	3968	3932	3666	3589	3799	3537	4097	3570
4023	3880	4000	3833	3895	3884	3623	3923	4116	3922	4140	3767	4266	4039	4056	3442	3821	4154	3918	3897	3494	4261	4396	4016	3996	4174	3792	4106	3754	3938	3868	3482	3970	3986	4359	4171	3817	4364	3952	3649	4002	3954	3995	4046	3832	3969	4098	3948	3669	4010	3836	4229	3712	3443	3824	3993	3816	3837	3931	3469	3981	3700	3710	3992	4258	3671	3755	4051	3925	3477	3929	3858	4125	3974	4112	4133	3683	4399	4191	4140	4010	3969	4067	3703	3698	3938	3760	4028	4111	3900	4090	3491	3595	4134	3438	4239	4342	3968	3820	3875	3886	3808	3975	4095	3938	3988	4109	3973	3939	3975	3771	3724	3845	4029	3421	3724	3964	4121	3767	3636	3816	4098	3799	3548	3867	3614	4212	3613
3848	3695	3919	3742	3751	3994	3573	4013	3989	3944	4095	3767	4164	4051	3874	3369	3703	4025	3921	3730	3385	4171	4216	3986	3909	3971	3831	4083	3834	3863	3672	3662	4030	4022	4308	4125	3971	4313	3819	3434	4019	3814	3968	3826	3699	3803	4077	3829	3744	3794	3880	3972	3647	3467	3668	3816	4049	3710	3839	3447	3993	3638	3755	4108	4257	3486	3776	3888	3937	3237	3806	3999	4004	3793	3983	3673	3625	4327	4184	4082	3989	3943	3911	3864	3723	3858	3412	3910	3909	3918	3942	3613	3581	4067	3402	4283	4311	3932	3857	3870	3696	3793	4206	4318	3851	3732	3954	3794	3782	3917	3596	3956	3884	3733	3626	3687	4034	3936	3581	3599	3852	3893	3803	3612	4082	3501	4128	3619
4083	3974	3795	4016	3937	4100	3770	4018	4044	4038	4077	3929	4317	4143	4154	3574	3941	4025	3865	3924	3520	4280	4285	4224	4256	4286	3934	4209	4017	4038	4074	3700	4146	4244	4405	4142	3836	4454	4127	3655	4181	4169	4290	4231	3936	4015	4062	4072	3767	4074	4146	4223	3679	3552	3868	4029	3975	3778	3815	3566	4246	3845	3955	3959	4355	3730	3959	3889	4178	3627	3909	4043	3971	4174	3979	3924	3835	4512	4142	4232	4157	3977	4256	3926	3655	4087	3783	4072	4233	4294	4116	3606	3798	4368	3362	4082	4434	3995	3641	4034	3850	3886	4116	4391	3919	3890	4052	3862	4107	4162	3790	3974	3912	3765	3828	3867	3936	4176	3867	3593	3809	4131	3759	3399	3887	3830	4146	3858
3670	3501	3622	3525	3649	3517	3253	3722	3637	3472	3830	3542	3738	3586	3710	3061	3265	3721	3326	3535	3354	3819	3875	3724	3811	3535	3501	3595	3420	3534	3525	3336	3487	3660	3691	3806	3566	3980	3605	3243	3538	3551	3632	3567	3521	3616	3644	3480	3439	3521	3569	3724	3402	3221	3435	3330	3492	3481	3540	3307	3648	3239	3521	3584	3791	3401	3490	3513	3736	3116	3598	3558	3642	3738	3724	3469	3362	4072	3981	3903	3778	3827	3675	3371	3419	3633	3423	3555	3613	3624	3541	3318	3265	3931	3076	3882	3986	3553	3466	3696	3459	3315	3769	3954	3627	3490	3683	3537	3545	3459	3416	3571	3415	3458	3405	3302	3494	3774	3293	3219	3578	3708	3218	3057	3600	3245	3672	3301
4012	3902	3870	3719	3952	3918	3694	3992	4069	3967	3974	3614	4109	3863	3870	3536	3727	4126	3848	3566	3452	4132	4266	4021	4010	4151	3939	4010	3851	3896	3818	3718	4028	4020	4282	4219	3979	4350	3865	3744	3995	3777	3583	3990	3793	3923	3965	3741	3593	3752	3875	4025	3625	3726	3781	3654	3835	3806	3784	3563	4086	3660	3792	3899	4086	3518	3880	3939	3954	3477	3718	3834	3822	3978	4060	3808	3618	4308	4026	3939	3998	4049	4104	3773	3537	3779	3751	3817	4014	4127	3981	3638	3539	4148	3375	4114	4235	3912	3855	3871	3843	3703	4057	4228	3939	3798	4100	3961	3913	3910	3737	4018	3579	3680	3737	3737	3984	3952	3745	3683	3838	3958	3733	3289	3745	3566	3854	3664
4148	3651	3931	3963	3973	3966	3602	4337	4168	3954	4029	4010	4161	4080	4000	3558	3920	4092	3916	3683	3417	4294	4218	4156	3994	4165	3948	4091	3753	3942	3979	3708	3904	4028	4247	4251	3941	4326	3840	3543	4036	3960	4130	4144	3875	3890	3985	4008	3732	3831	3927	4131	3648	3566	3958	4029	3909	3837	4000	3474	3945	3697	3754	3976	4311	3423	3873	3933	4047	3626	3764	3740	4032	4048	4050	3810	3606	4320	4241	4124	3992	3927	4115	3598	3754	4031	3800	3740	4176	4254	4128	3592	3479	4308	3442	4128	4160	4056	3723	3889	3849	3825	4249	4321	3971	3807	4019	3956	3981	4017	3801	3958	3783	4004	3578	3738	4176	4024	3817	3598	3973	3856	3560	3463	3924	3431	4008	3678
3871	3685	3754	3823	3966	3845	3470	3956	3930	4024	3979	3698	4214	3846	3935	3236	3699	4029	3568	3532	3663	4056	4128	4015	4069	3922	3872	4013	3632	3862	3822	3627	3893	4050	4149	4102	3716	4153	3892	3403	3897	3941	4021	3987	3919	3706	4075	3929	3600	3663	3864	4048	3569	3499	3815	3794	3691	3715	3753	3345	3980	3631	3754	3792	4139	3550	3662	3784	4077	3364	3670	3965	4049	3866	3991	3834	3696	4296	4330	4174	3978	4015	4000	3754	3522	3862	3528	3787	4093	3990	3815	3457	3376	4255	3415	4126	4334	3781	3618	3822	3744	3527	3967	4194	3986	3707	3867	3776	3773	3859	3650	4006	3681	3670	3401	3557	3822	3928	3732	3524	3803	3754	3513	3475	3868	3562	3935	3613
3641	3428	3727	3483	3475	3804	3455	3717	3790	3762	3672	3576	3935	3623	3685	3220	3435	3832	3585	3401	3275	3916	3866	3891	3754	3859	3713	3738	3553	3476	3692	3166	3761	3892	3915	3925	3628	4060	3616	3107	3663	3750	3596	3921	3444	3473	3760	3756	3381	3553	3617	3635	3430	3256	3446	3508	3709	3506	3482	3177	3728	3262	3393	3468	3833	3254	3507	3520	3786	3223	3380	3648	3701	3482	3797	3354	3399	3952	3783	3705	3743	3556	3676	3416	3403	3684	3388	3705	3955	3785	3683	3265	3137	4044	3209	3631	3887	3530	3409	3420	3556	3367	3871	3864	3558	3440	3842	3571	3534	3673	3467	3504	3549	3605	3555	3477	3533	3745	3378	3340	3549	3335	3414	3282	3483	3338	3551	3504
4176	4002	4155	3961	4324	4250	3754	4238	4269	4200	4296	4049	4415	4150	4368	3523	4076	4280	4018	4004	3648	4460	4482	4316	4455	4300	4086	4247	3948	4084	3997	3786	4192	4351	4377	4484	4190	4598	4181	3570	4163	3959	4114	4337	3959	4099	4239	4035	4006	4069	4232	4326	3728	3807	4136	3973	4075	3958	4044	3758	4324	3708	3918	4153	4348	3631	3885	4050	4205	3802	4176	3968	4177	4255	4148	4047	3806	4677	4428	4192	4309	4190	4208	4022	3985	4115	3976	4152	4286	4329	4144	3778	3952	4344	3598	4278	4612	4062	3815	4137	4107	3914	4448	4478	4121	3999	4481	4180	4123	4246	4003	4071	4074	3977	3761	4064	4073	4328	3886	3776	3990	4090	3814	3636	4084	3624	4272	3904
3639	3392	3559	3576	3751	3793	3440	3756	3810	3766	3459	3553	3803	3699	3712	3235	3298	3762	3632	3427	3100	3938	3925	3798	3670	3802	3444	3838	3620	3671	3495	3359	3660	3695	3901	3872	3524	3931	3599	3074	3761	3706	3876	3810	3411	3590	3813	3691	3506	3834	3666	3806	3254	3198	3522	3642	3643	3500	3561	3204	3709	3341	3593	3655	3961	3274	3491	3535	3672	3182	3388	3583	3934	3589	3826	3562	3629	3990	3862	3803	3618	3637	3666	3522	3379	3477	3203	3710	3758	3787	3843	3366	3232	3823	3216	3773	3776	3659	3416	3537	3544	3382	3982	4017	3765	3422	3687	3551	3618	3688	3323	3547	3545	3593	3203	3688	3678	3812	3393	3457	3483	3612	3371	3111	3545	3437	3681	3350
3828	3843	3794	3837	3949	3724	3531	3933	3988	3751	3763	3750	3889	3791	3810	3151	3776	3878	3578	3436	3288	3870	4099	3835	4009	3917	3650	4036	3597	3725	3648	3577	3989	3945	4077	3963	3742	4346	3835	3420	3747	3677	3697	3921	3767	3810	3959	3688	3653	3642	3613	3670	3506	3606	3683	3697	3639	3542	3633	3325	3880	3441	3596	3921	4085	3451	3834	3785	3882	3419	3711	3568	3829	3757	3899	3792	3525	4210	4047	3895	3870	3773	3833	3684	3508	3566	3575	3682	3891	4009	3822	3533	3425	3971	3268	3956	4275	3811	3499	3781	3640	3584	3968	4011	3914	3644	4028	3876	3673	3745	3503	3735	3561	3678	3458	3604	3819	3635	3648	3384	3605	3676	3627	3325	3727	3385	3785	3372
3891	3701	3791	3597	3843	3945	3441	4005	3830	3950	4067	3651	4337	3947	3963	3411	3704	4016	3761	3692	3531	4224	4070	3993	3941	3939	3633	4050	3694	3833	3820	3448	3961	3929	3961	4123	3729	4057	3917	3445	3639	3938	3921	3946	3961	3763	3950	3927	3600	3668	3962	4019	3528	3393	3772	3787	3727	3670	3657	3472	3905	3606	3573	3794	4225	3454	3677	3877	4005	3505	3833	3865	3785	4072	3843	3769	3562	4337	4047	4089	3861	3917	4034	3678	3523	4003	3545	3747	4210	4181	3660	3512	3390	3994	3313	3976	4338	3718	3645	3792	3781	3641	3918	4054	3897	3686	3934	3801	3707	3949	3510	3812	3620	3703	3408	3642	3986	4028	3721	3620	3955	3838	3517	3347	3921	3424	4067	3576
3877	3793	4031	3824	4005	4059	3652	4071	4021	3864	3917	3725	4267	4006	3872	3337	3914	4271	3711	3678	3471	4199	4394	3899	4141	4082	3844	4026	3885	4080	3888	3717	4052	4104	4301	4252	3915	4316	3794	3647	4020	3909	4057	4038	3760	3901	4133	4010	3670	3897	4036	4076	3684	3709	3710	3972	3920	3843	3881	3635	4057	3526	3838	3882	4233	3619	3757	3932	4179	3551	3890	3868	4089	4135	4049	3975	3759	4468	4146	3985	4029	4060	4064	3976	3741	3783	3614	3858	4222	4232	4164	3690	3639	4162	3357	4177	4429	3827	3722	3984	3737	3900	4047	4291	4032	3870	4309	3965	3922	4123	3667	3934	3717	3816	3729	3930	3862	4050	3844	3659	3847	3989	3735	3297	4168	3550	4112	3632
4050	4052	3928	3991	4138	4282	3841	4268	4200	4173	4017	4040	4314	3990	4274	3604	3934	4035	3847	3892	3635	4367	4248	4199	4126	4148	3862	4194	4002	4012	4099	3981	3988	4134	4439	4326	3979	4408	4002	3417	4132	3946	4069	4102	3780	3974	4365	4064	3806	3970	4084	4133	3753	3708	4059	4033	4190	3950	3919	3630	4412	3944	3889	4110	4375	3569	3905	4014	4131	3667	3855	3930	3993	4215	4176	3852	3701	4458	4203	4230	4251	4138	4093	3943	3753	4105	3797	3861	4251	4119	4150	3974	3661	4286	3458	4210	4509	4142	3842	4116	4008	3756	4477	4571	4044	3957	4319	3987	3904	4218	3829	3985	3989	3860	3738	3981	4067	4156	3825	3812	4112	3894	3819	3682	4305	3562	4277	3954
4225	3979	3972	4051	4116	4247	4014	4414	4177	4237	4187	4111	4442	4169	4542	3692	4107	4227	4047	3844	3691	4309	4545	4221	4251	4331	4221	4355	4083	4217	4119	3905	4429	4428	4510	4597	4136	4520	4143	3675	4278	4280	4358	4406	3939	4077	4154	4285	3927	4036	4043	4233	3655	3641	4087	4052	4170	4092	3993	3639	4219	3859	4210	4169	4386	3628	4109	4061	4429	3661	4177	4078	4095	4074	4398	4099	3945	4340	4387	4409	4070	4055	4288	3923	3987	4197	4022	4006	4433	4188	4259	3706	3813	4480	3807	4458	4551	3940	3985	4075	4251	4087	4360	4358	4176	3948	4300	4082	4151	4136	3844	4082	3988	4145	3799	3943	4161	4388	4047	3944	3974	4138	3936	3697	4127	3562	4395	3860
3941	3594	3858	3743	3892	3908	3467	3852	3952	3822	3690	3575	4145	3929	3894	3163	3534	4139	3759	3482	3256	4019	3983	3731	4059	3868	3703	3809	3849	3791	3551	3422	3973	3987	3875	3972	3665	4226	3786	3221	3683	3823	3786	4056	3765	3803	3877	3866	3673	3747	3803	3995	3572	3425	3791	3911	3780	3457	3664	3455	4010	3373	3689	3809	4159	3367	3728	3646	3948	3379	3831	3750	3740	3956	3930	3647	3460	4245	4023	3753	3773	3746	4017	3675	3586	3866	3629	3906	3950	3968	4002	3470	3490	4061	3321	4074	4197	3782	3424	3762	3618	3807	3983	4119	3843	3583	4011	3807	3788	3732	3637	3717	3582	3805	3550	3715	3927	3961	3756	3590	3661	3767	3559	3277	3760	3355	3910	3429
4336	3940	3972	4104	4437	4192	4011	4197	4189	4092	4120	4007	4491	4330	4230	3609	4078	4201	3950	3992	3745	4330	4595	4358	4439	4353	4223	4322	3918	4219	3928	3804	4099	4281	4588	4521	4189	4806	4173	3654	4203	4259	4343	4313	4084	4273	4500	4350	3743	4185	4190	4449	3975	3797	4020	4146	4221	4005	4027	3769	4285	3999	3994	4177	4579	3792	4049	4178	4567	3863	4107	4195	4250	4330	4298	4125	4003	4595	4462	4496	4156	4333	4030	4094	3974	4088	3917	4057	4547	4496	4353	3895	3870	4325	3714	4359	4531	4140	4109	4305	4039	3904	4381	4491	4303	3998	4360	4245	4025	4172	4008	4153	3980	3998	3774	4014	4272	4348	3907	3808	4134	4140	3876	3599	4047	3634	4273	3900
3860	3628	3878	3700	3897	3837	3531	3928	3928	3834	3714	3552	4202	3799	4105	3275	3721	3894	3693	3677	3286	4084	4086	3892	3987	3990	3797	3922	3629	3673	3717	3515	3748	3969	4097	4050	3759	4106	3892	3393	3831	3693	3854	4027	3508	3766	3810	3705	3623	3779	3774	3889	3434	3360	3752	3853	3716	3552	3721	3439	3969	3437	3569	3816	4108	3364	3591	3726	4047	3601	3756	3765	3945	3794	4006	3808	3764	4101	3876	4186	3736	3772	3909	3770	3725	3638	3470	3701	3875	4042	3977	3598	3524	3920	3316	4001	4170	3856	3645	3887	3737	3604	4057	4211	3874	3623	3977	4003	3745	3921	3646	3790	3751	3799	3423	3758	3724	3869	3582	3647	3611	3825	3653	3205	3824	3332	3877	3611
4085	3869	4025	3809	4040	4012	3724	4210	3948	4025	4146	3860	4495	4063	4083	3552	3905	4329	3972	3836	3398	4435	4421	4216	4138	3930	3973	3928	3963	4068	3861	3892	3935	4147	4242	4206	3887	4345	4005	3661	4090	4002	4150	4287	3738	4023	4180	3997	3560	3828	4026	4214	3672	3965	3762	4067	3859	3820	3801	3678	4099	3712	3960	4065	4300	3638	4110	3758	4261	3477	3830	4096	3914	3937	4109	3950	3829	4543	4313	4334	4090	4073	4070	3828	3719	4136	3748	4127	4052	4207	4013	3585	3635	4285	3409	4161	4184	3958	3864	3968	3723	3698	4290	4409	4077	3851	3960	4008	3947	3940	3732	3939	3816	3887	3837	3727	4043	4175	3985	3620	3972	4152	3802	3332	4124	3609	3983	3872
3788	3898	4134	3718	4082	3919	3812	4120	4130	4004	4180	3822	4204	4021	4102	3249	3914	4306	3775	3710	3369	4254	4174	3833	4223	4061	3787	3939	3866	3803	3870	3586	3910	4052	4445	3926	3753	4299	3825	3472	3909	3999	3948	3991	3825	3914	4038	3808	3770	3969	4024	4165	3670	3542	3829	3912	4000	3844	3806	3425	4065	3633	3744	3885	4244	3633	3739	3966	3978	3449	3832	3811	4113	4025	4109	3918	3841	4428	4168	4139	3991	4037	4148	3821	3626	3866	3608	3890	4010	4108	4028	3475	3554	4192	3356	4312	4280	3811	3827	3690	3779	3808	4101	4337	4069	3741	4206	4021	3873	4005	3604	3910	3791	3907	3509	3716	3740	4126	3869	3481	3829	3858	3774	3469	4015	3455	4181	3817
4182	3946	4008	3852	4062	4234	3686	4368	4070	4045	4090	3910	4291	4193	4233	3502	3806	4070	4143	3898	3541	4532	4323	4074	4165	4293	4057	4119	3906	4093	3927	3649	4150	4153	4535	4290	3908	4353	3990	3505	4081	3990	4163	4260	3972	3942	4211	4164	3757	3899	4129	4387	3708	3499	3927	4063	4161	3902	4003	3558	4072	3877	3957	4059	4456	3780	3827	3995	4180	3552	3918	4180	4069	4044	4325	3966	3586	4614	4484	4450	3931	4005	4152	3929	3825	4021	3660	3893	4223	4117	4202	3791	3603	4320	3430	4265	4517	4088	4011	3943	3918	4001	4278	4443	4082	3843	4058	4074	3887	4051	3758	3814	3766	4013	3708	3868	4194	4160	3880	3728	4105	4141	3843	3608	4077	3655	4395	3937
3889	3836	3956	3817	3866	3926	3760	4039	3848	3989	3964	3821	4073	3902	4093	3319	3668	3987	3722	3577	3474	4126	4194	3796	4143	4112	3822	4104	3743	3715	3626	3614	3934	4070	4199	4060	3539	4292	4095	3529	4008	3946	4029	3982	3681	3845	4112	3854	3597	3687	3826	3923	3506	3364	3778	3943	3809	3635	3723	3419	3916	3655	3760	3693	4210	3630	3937	3818	3873	3387	3746	3779	4013	3817	3916	3735	3462	4315	4109	4123	4214	3791	4033	3834	3579	3933	3657	3744	4173	4042	3956	3437	3478	4121	3334	4051	4121	3754	3582	3859	3824	3735	4025	4005	3910	3741	4029	3744	3785	3892	3623	3579	3611	3886	3718	3634	3864	4112	3656	3464	3747	3757	3609	3434	3915	3575	3954	3564
3617	3636	3981	3739	3886	4011	3786	4018	3935	3742	3793	3576	3924	3658	3885	3291	3722	3976	3695	3564	3080	4106	4174	4149	3987	4148	3808	4026	3717	3888	3637	3545	3868	3989	4106	4079	3778	4088	3713	3368	3885	3793	3969	3874	3701	3805	3914	3821	3614	3691	4025	3992	3396	3430	3641	3755	3826	3730	3549	3405	3878	3646	3700	3852	4039	3550	3601	3763	3903	3260	3672	3731	3891	3716	3824	3639	3450	4213	4065	3963	3746	3906	3750	3743	3577	3679	3522	3764	3999	3981	3935	3386	3314	4061	3433	4027	4175	3622	3606	3899	3759	3786	3917	4109	4140	3602	4130	3668	3817	3866	3368	3942	3672	3624	3464	3779	3826	4030	3617	3500	3808	3829	3490	3431	3828	3331	3992	3577
4031	3662	3941	3844	3961	4070	3627	4093	4101	3756	3810	3829	4121	4028	4061	3358	3569	3996	3740	3788	3256	4147	4114	3889	3914	4021	3816	4008	3794	3944	3839	3674	3877	4119	4323	4047	3938	4307	3891	3391	3893	4008	4025	3990	3621	4140	4060	4001	3732	3853	3898	3965	3592	3635	3745	4052	3937	3712	3575	3510	4068	3755	3798	4025	4279	3492	3791	3861	4186	3501	3872	3961	3931	3970	4175	3788	3798	4389	4098	4103	3897	4060	3982	3795	3551	3992	3535	3987	4094	4106	4053	3799	3557	4215	3316	4235	4143	3776	3766	4008	3581	3828	4145	4285	4054	3682	3954	3926	3957	3903	3552	3835	3826	3738	3896	3757	3933	3955	3761	3739	3754	3987	3800	3446	3983	3347	4119	3699
4020	3823	3851	3825	3933	3849	3708	4062	3995	3744	3809	3647	4228	4078	4172	3515	3583	4137	3798	3635	3347	4068	4209	4032	4057	4082	3932	4007	3766	3916	3751	3559	4059	4030	4362	4371	3850	4165	4007	3599	3962	3940	4007	4086	3797	3967	3991	4022	3586	3784	3964	4261	3539	3549	3737	3916	3979	3824	3763	3611	4018	3724	3848	3828	4173	3608	3892	3844	4062	3522	4035	3862	3600	4121	3974	3890	3682	4326	4133	4101	3970	4021	4040	3797	3735	3952	3668	3869	4128	4157	3874	3563	3460	4269	3521	4219	4158	3648	3981	3961	3813	3865	3975	4220	3937	3840	4027	4035	3842	3900	3753	3974	3802	3836	3571	3754	3882	4130	3704	3755	3938	3983	3602	3463	3836	3442	4046	3802
3568	3435	3701	3475	3585	3652	3288	3832	3820	3621	3554	3552	3786	3552	3595	3186	3361	3820	3598	3534	3210	3935	3986	3832	3530	3724	3586	3795	3439	3592	3652	3297	3594	3864	3836	3870	3560	3987	3389	3172	3812	3526	3633	3797	3353	3723	3760	3677	3354	3622	3649	3921	3414	3260	3548	3399	3508	3451	3540	3130	3683	3365	3584	3732	3751	3166	3457	3473	3721	3167	3594	3460	3719	3518	3733	3534	3256	4013	3902	3933	3734	3783	3681	3572	3452	3661	3381	3628	3797	3670	3747	3242	3209	3940	3201	3820	4033	3630	3450	3671	3462	3654	3874	3878	3581	3598	3852	3511	3634	3690	3292	3648	3617	3441	3223	3405	3499	3632	3288	3253	3684	3695	3404	3397	3493	3165	3808	3472
3906	3794	3719	3867	4026	4031	3772	4044	4050	3934	3931	3878	4220	4040	3977	3180	3951	4106	3823	3688	3341	4098	4308	4024	4210	3943	3846	3989	3876	3961	3715	3733	4016	4141	4228	4060	3749	4429	3612	3426	4065	3930	4029	4038	3948	4019	4112	3999	3776	3848	3896	4159	3574	3500	3692	3819	3980	3702	3858	3531	3958	3491	3801	3936	4224	3445	3715	3957	4063	3412	3790	3826	4042	4029	4122	3794	3491	4294	4243	4129	3978	3981	3940	3875	3722	3793	3535	3955	3939	4143	3980	3591	3607	4320	3486	4113	4225	4015	3724	3823	3784	3675	4171	4257	3945	3812	4216	3905	3850	3904	3590	3866	3735	3970	3516	3637	4031	3967	3766	3508	3843	3916	3605	3533	3953	3515	3972	3648
3977	3765	3867	3743	4115	3909	3703	3938	3918	3879	3740	3799	4004	3895	4024	3461	3693	3959	3751	3696	3301	4147	4234	4005	3964	3959	3879	4157	3859	4058	3656	3690	3992	4096	4175	4129	3779	4226	4039	3439	4017	3903	4030	4107	3785	3826	3953	3876	3689	3751	3954	4041	3556	3505	3839	3823	3805	3649	3832	3654	4017	3578	3949	3857	4044	3463	3757	3801	4048	3405	3754	3810	3929	4012	3887	3721	3711	4344	4249	4081	3952	3863	3826	3700	3685	3709	3667	3753	4067	4057	3991	3499	3677	4177	3437	4070	4239	3827	3852	3904	3777	3938	4106	4173	3848	3748	4009	3851	3775	3782	3663	3965	3884	3782	3518	3738	3870	4135	3527	3618	3879	3895	3487	3431	3856	3519	4093	3676
4329	4085	4302	4189	4076	4357	3913	4464	4492	4263	4290	4015	4486	4225	4400	3832	4093	4360	4087	4085	3769	4563	4598	4391	4258	4543	4164	4500	4179	4292	4329	3858	4292	4585	4635	4644	4402	4780	4186	3756	4403	4336	4307	4421	4002	4519	4264	4346	4103	4140	4217	4358	3972	3809	4093	4120	4152	4072	4158	3627	4282	3974	4002	4299	4655	3758	4179	4224	4589	3757	4190	4154	4344	4145	4607	4174	4084	4711	4480	4496	4194	4260	4345	3903	3834	4479	4064	4111	4428	4352	4319	3869	3846	4585	3683	4580	4729	4267	4071	4328	4112	4065	4552	4566	4389	3913	4545	4266	4352	4287	4036	4219	4184	4229	4042	3945	4339	4307	3986	3927	4065	4094	4145	3794	4157	3610	4305	3815
4125	4118	4147	3958	4097	4192	3775	4419	4123	4186	4077	3988	4144	3994	4266	3702	3578	4407	3886	3742	3692	4350	4523	4027	4131	4187	3909	4240	3938	4080	3918	3829	4282	4180	4339	4299	3943	4596	4070	3585	4280	4062	4010	4245	4100	4067	4290	3896	3948	4038	4155	4324	3762	3894	4077	4128	3873	3905	3930	3682	4116	3850	4052	4169	4441	3839	4109	4080	4135	3635	4127	3904	4119	4175	4251	4007	3875	4628	4405	4392	4136	3978	4338	3864	3794	4082	3780	3941	4185	4250	4122	3800	3643	4406	3409	4271	4357	4043	3830	4016	4011	3663	4302	4584	4120	3934	4195	4225	4087	3927	3937	3918	3951	4135	3801	4051	4161	4177	3911	3747	3981	4181	3804	3527	3999	3796	4123	3820
4077	3722	3746	3646	3878	3571	3525	3934	3766	3804	3960	3575	4077	3875	3939	3216	3731	3932	3557	3608	3336	4059	4261	3751	3972	3875	3778	3878	3916	4041	3577	3524	3885	4017	4193	4046	3522	4122	3808	3426	3974	3929	3747	4170	3585	3855	3785	3816	3649	3593	3848	3965	3494	3417	3695	3677	3719	3500	3811	3652	3959	3373	3821	3752	4120	3515	3745	3856	3950	3293	3712	3704	3956	3902	3854	3696	3607	4208	3978	3872	3887	3716	3910	3599	3456	3792	3587	3656	3955	3892	3881	3390	3585	4199	3217	4013	4317	3685	3516	3691	3776	3560	3874	4073	3727	3772	3964	3773	3732	3761	3652	3663	3597	3755	3497	3504	3889	3967	3667	3451	3491	3914	3465	3226	3666	3554	3951	3797
4311	3930	4257	3969	4089	4267	3659	4325	4243	4210	4315	3964	4441	4050	4472	3640	3953	4288	4022	3674	3541	4571	4455	4112	4322	4258	4121	4267	4213	4122	3857	3913	4129	4356	4476	4436	4134	4513	4246	3579	4223	3933	4092	4370	3924	4271	4221	4223	3953	4011	4235	4283	3794	3767	4123	4051	4076	3854	4045	3793	4302	3968	4035	4166	4527	3694	4079	4024	4303	3629	4087	4129	3963	4170	4190	4055	3697	4469	4332	4583	4046	4128	4102	3863	3807	4122	4004	4146	4336	4254	4309	3750	3624	4466	3511	4570	4428	3901	4001	4125	3841	4102	4319	4510	4378	3906	4355	4176	4093	4139	3985	4081	4114	4013	3914	4131	4178	4207	3928	3924	3926	4148	3858	3683	4098	3684	4266	4001
3777	3708	3743	3875	3747	3592	3397	3908	3928	3774	3623	3681	3907	3728	3963	3331	3595	3818	3635	3518	3375	3924	4010	3659	3994	3839	3644	3962	3664	3729	3524	3540	3690	3861	4080	3921	3678	4021	3714	3328	3643	3615	3918	3869	3717	3660	4031	3818	3556	3510	3699	3960	3601	3380	3740	3769	3730	3531	3711	3375	3902	3341	3745	3693	4064	3397	3657	3729	3773	3273	3652	3571	3787	3814	3964	3777	3456	4084	4085	3836	3765	3850	4038	3556	3487	3626	3718	3575	3979	3748	4023	3279	3249	4048	3191	4034	4425	3666	3438	3716	3664	3786	3752	3999	3746	3669	3940	3748	3787	3871	3466	3744	3595	3596	3315	3618	3675	3659	3634	3434	3630	3766	3531	3342	3720	3409	4112	3434
3854	3708	3901	3780	3690	3727	3425	4030	3808	3808	3752	3571	3951	3888	3750	3260	3498	4041	3546	3658	3303	3971	4081	3722	3782	3876	3696	3706	3635	3769	3662	3472	3771	3893	3953	3927	3874	4034	3797	3243	3656	3614	3675	4202	3766	3719	3787	3735	3614	3834	3910	3911	3487	3399	3589	3792	3711	3741	3646	3113	3708	3595	3576	3899	4070	3489	3523	3631	3712	3342	3702	3660	3752	3726	3742	3760	3210	4189	4157	3997	3793	3755	3870	3567	3446	3840	3529	3941	3960	3905	3905	3410	3370	3741	3142	4078	4049	3771	3704	3807	3589	3795	3960	4038	3843	3583	3866	3825	3615	3865	3492	3611	3508	3674	3356	3579	3701	4032	3695	3504	3753	3974	3473	3353	3732	3387	3943	3439
3756	3776	3925	3669	3922	3940	3601	3966	3993	3953	3813	3792	4054	3863	3964	3225	3435	4074	3780	3439	3408	4074	4026	3737	4014	3919	3910	4227	3750	3695	3622	3536	3963	4117	4008	3957	3739	4350	3802	3412	3949	3897	3716	4161	3895	3834	4027	3832	3520	3768	3846	3863	3487	3497	3663	3659	3742	3651	3708	3325	3958	3494	3658	3767	4221	3485	3831	3694	3940	3248	3680	3830	3805	3874	4127	3847	3387	4393	3991	3959	3985	3951	3868	3643	3612	3992	3511	3773	4040	3918	3826	3553	3365	4071	3393	4259	4227	3698	3711	3768	3756	3729	4020	4113	3826	3527	4127	4002	3710	3797	3641	3694	3636	3768	3672	3679	3686	3986	3638	3510	3701	3793	3667	3283	3921	3441	3810	3543
3839	3580	3597	3599	3827	3793	3445	3791	3694	3650	4037	3626	3874	3799	3817	3073	3336	3686	3564	3331	3206	4180	3991	3726	3927	3751	3673	3702	3739	3560	3309	3329	3798	3665	4105	3782	3644	3934	3754	3406	3637	3775	3697	3971	3645	3803	3739	3551	3709	3479	3596	3712	3496	3204	3552	3511	3617	3506	3551	3225	3906	3300	3640	3537	4225	3323	3619	3630	3730	3151	3639	3696	3807	3587	3691	3494	3423	4065	3939	3839	3586	3562	3773	3563	3369	3478	3245	3684	3754	3829	3662	3383	3310	4071	3250	3877	4105	3637	3436	3590	3599	3495	3790	3929	3658	3583	3700	3592	3578	3745	3423	3655	3493	3597	3155	3577	3662	3811	3398	3308	3436	3662	3459	3022	3822	3391	3740	3259
3745	3761	3726	3508	3811	3702	3445	3767	3814	3830	3717	3538	4128	3676	3973	3264	3582	4017	3728	3548	3351	4202	4019	3726	3904	3680	3738	3735	3561	3589	3427	3388	3707	3920	4006	3888	3577	4298	3694	3130	3564	3756	3777	3879	3658	3897	3885	3635	3556	3704	3682	4031	3532	3340	3842	3745	3701	3467	3691	3357	3926	3340	3609	3886	4053	3501	3488	3527	3758	3263	3632	3660	3825	3720	3986	3629	3470	4247	3919	3977	3694	3806	3830	3717	3563	3870	3480	3673	3858	3906	3744	3320	3279	4105	3193	4016	4052	3710	3391	3622	3405	3736	4015	4182	3804	3483	3876	3734	3619	3717	3652	3715	3755	3686	3350	3651	3715	3743	3647	3385	3697	3703	3443	3356	3550	3272	3944	3661
3886	3722	3807	3712	3759	3799	3514	3897	3821	3784	3850	3732	3984	3893	3792	3327	3610	3989	3771	3569	3343	4162	4153	3855	4016	3899	3708	3891	3720	3778	3651	3446	3851	3859	4026	4091	3598	4218	3716	3293	3826	3799	4044	3966	3702	3848	4147	3864	3482	3598	3712	3915	3369	3419	3701	3716	3680	3497	3624	3501	3936	3353	3704	3807	4069	3469	3684	3746	3918	3386	3600	3686	3987	3719	3903	3587	3566	4213	4076	3956	3861	3793	3759	3668	3530	3804	3444	3514	4017	4050	3924	3458	3318	4016	3302	3871	4304	3729	3449	3746	3681	3545	4031	4105	3827	3630	3872	3690	3612	3758	3518	3683	3643	3759	3363	3681	3967	3861	3595	3558	3692	3719	3591	3461	3749	3296	4195	3438
4324	4107	4339	4264	4506	4545	3930	4495	4572	4302	4296	4185	4416	4317	4698	3725	3798	4624	4053	3925	3880	4689	4518	4507	4405	4281	4467	4315	4057	4224	4332	3926	4363	4414	4759	4487	4075	4724	4324	3760	4430	4349	4218	4380	4214	4317	4499	4389	3858	4146	4176	4449	3917	3974	4182	4187	4253	4122	4082	3737	4477	4076	4189	4330	4641	3928	4109	4272	4448	3937	4130	4158	4419	4336	4545	4196	3880	4725	4564	4679	4390	4354	4363	4135	4192	4371	4128	4186	4446	4532	4316	4212	3695	4742	3747	4441	4493	4209	4028	4312	4139	3852	4443	4820	4262	3986	4299	4282	4271	4425	3894	4145	4234	4292	4104	4090	4279	4294	3913	4006	4149	4199	4008	3683	4293	3749	4337	4131
3661	3553	3740	3627	3875	3826	3516	3897	3961	3765	3686	3765	3985	3647	3775	3298	3477	3876	3589	3609	3215	4012	4106	3843	3798	3867	3735	3913	3437	3764	3601	3464	3793	3873	3939	3954	3645	4064	3707	3252	3786	3626	3833	4105	3548	3766	3925	3746	3301	3641	3812	3996	3416	3325	3575	3630	3712	3610	3489	3292	3880	3450	3666	3623	4005	3279	3669	3587	3816	3199	3596	3558	3772	3667	3803	3724	3443	4189	3962	3767	3775	3809	3789	3652	3434	3645	3398	3646	4076	3876	3886	3443	3400	3744	3346	3985	4061	3628	3681	3920	3676	3416	3911	3968	3842	3488	3758	3644	3791	3814	3504	3705	3584	3613	3432	3591	3823	4046	3491	3537	3471	3855	3353	3385	3615	3229	3939	3561
3771	3858	3946	3617	3976	3709	3778	3905	3915	3970	3864	3431	3906	3648	3909	3100	3602	3947	3719	3421	3325	3906	3945	3674	3940	3910	3824	3652	3600	3648	3557	3342	3786	4072	3989	3969	3572	4056	3770	3253	3702	3842	3731	3832	3662	3773	3796	3681	3435	3596	3768	4051	3476	3326	3639	3793	3883	3659	3571	3304	3844	3505	3615	3623	3929	3404	3545	3769	3806	3207	3570	3628	3661	3819	3909	3597	3466	4170	3925	3800	3563	3527	3734	3373	3478	3831	3717	3541	3811	3735	3854	3251	3523	3982	3310	3934	4093	3686	3504	3739	3655	3596	3917	4115	3614	3529	4048	3810	3672	3621	3456	3626	3510	3692	3385	3474	3757	3931	3611	3471	3481	3712	3464	3361	3590	3086	3713	3426
3752	3656	3670	3813	3770	3697	3668	3963	3923	3694	3801	3611	3908	3877	3676	3100	3570	3925	3602	3567	3340	3984	4011	3592	3780	4142	3653	3665	3690	3772	3687	3369	3879	4122	4091	3978	3795	4122	3558	3250	3723	3754	3711	3806	3547	3907	3939	3803	3412	3725	3719	3952	3585	3431	3451	3710	3835	3694	3473	3261	3986	3612	3622	3681	4029	3287	3670	3708	3816	3292	3469	3605	3922	3856	3815	3483	3467	4121	3902	3757	3798	3816	3886	3728	3404	3809	3499	3659	3857	3932	4033	3335	3407	3959	3260	3961	4034	3605	3716	3763	3540	3662	3974	4074	3765	3606	4039	3570	3757	3786	3657	3637	3596	3375	3567	3599	3765	3857	3701	3481	3626	3749	3529	3492	3595	3256	3786	3522
3891	3491	3796	3596	3845	3832	3529	3948	3899	3708	3670	3724	3997	3771	3875	3116	3594	3848	3648	3517	3199	4099	4091	3764	3903	3893	3664	3885	3575	3633	3657	3569	3672	3899	4168	4080	3755	4039	3725	3272	3800	3656	3993	3886	3649	3769	3800	3823	3567	3727	3871	3974	3525	3303	3725	3804	3710	3629	3677	3342	3957	3465	3748	3599	3973	3414	3695	3586	3852	3433	3557	3731	3584	3832	3731	3637	3574	4119	4003	3971	3686	3710	3977	3762	3465	3556	3461	3587	4001	4153	3924	3513	3334	4044	3223	3908	4182	3769	3436	3841	3479	3736	4041	4074	3936	3768	3898	3705	3770	3778	3591	3730	3632	3633	3457	3753	3723	3952	3472	3568	3716	3824	3398	3260	3624	3416	3924	3577
4055	3982	4183	4040	4069	4223	3833	4264	4187	4234	4238	3957	4262	4042	4161	3536	3694	4069	3847	3817	3683	4447	4373	4045	4111	4164	3816	4235	3903	3951	3802	3550	4215	4162	4399	4319	3937	4353	3908	3489	4071	4062	4150	4261	3924	4230	4311	4130	3877	3850	4013	4334	3863	3493	3946	3975	4028	3957	4029	3593	4189	3769	3908	3929	4453	3485	3784	3982	4261	3588	4035	3893	4160	4161	4335	3927	3537	4537	4288	4199	4004	3916	4122	3902	3819	4102	3719	3843	4252	3996	4028	3762	3645	4399	3603	4112	4535	4179	3874	3870	3994	3844	4053	4188	4027	3761	4176	4004	4072	4003	3844	3878	3922	4198	3514	3937	4271	4167	3670	3694	4028	3891	3871	3482	4185	3572	4173	3715
3800	3605	3919	3771	4070	3761	3634	4106	4000	3747	3820	3781	4014	3802	4149	3307	3491	3937	3649	3766	3296	4099	4206	3893	3962	3915	3864	4037	3749	3864	3772	3532	3924	4076	4299	4013	3818	4146	3670	3375	3829	3878	3960	4006	3717	3714	4010	3826	3553	3793	3859	4037	3571	3510	3667	3901	3993	3662	3590	3442	4090	3631	3844	3871	4041	3308	3776	3911	3791	3335	3709	3816	3775	3831	4063	3902	3697	4471	4271	4025	3936	4074	3803	3664	3598	3861	3516	3950	4103	3963	3956	3447	3302	4234	3383	4167	4088	3647	3745	3906	3824	3778	3960	4194	3856	3790	3960	3866	3892	3808	3453	4042	3861	3608	3526	3647	3748	4115	3588	3567	3769	3850	3499	3432	3839	3212	4083	3709
3579	3564	3654	3578	3589	3811	3572	3722	3769	3753	3821	3595	3768	3579	3737	3184	3472	3717	3569	3416	3152	3891	3839	3833	3896	3908	3465	3968	3522	3557	3419	3225	3792	3832	4139	3955	3651	4076	3547	3215	3683	3596	3658	3706	3553	3731	3793	3574	3569	3558	3550	3676	3404	3253	3626	3404	3597	3454	3459	3305	3753	3372	3400	3738	3961	3273	3668	3575	3868	3159	3618	3704	3813	3642	3765	3574	3433	3950	3711	3764	3661	3783	3800	3511	3469	3582	3363	3466	3842	3894	3673	3262	3298	4072	3070	3838	4099	3435	3510	3412	3541	3604	3875	3918	3815	3517	3889	3574	3544	3661	3349	3631	3405	3590	3372	3553	3730	3566	3225	3425	3716	3529	3613	3320	3492	3373	3805	3406
3897	3913	3805	3907	4166	3985	3679	3988	4042	3868	3876	3787	4068	3951	4160	3316	3621	3854	3782	3868	3264	4237	4273	3888	4047	4031	3605	3943	3790	3940	3741	3641	3989	4067	4316	3998	3667	4135	3929	3211	3984	3860	4025	3965	3844	3830	4097	3856	3762	3925	3989	4189	3509	3487	3663	3936	4004	3791	3760	3347	4170	3752	3953	4002	4085	3570	3718	3892	3931	3384	3751	3850	4038	3947	3957	3704	3810	4349	4163	4199	3921	3862	3941	3811	3591	3764	3439	3914	4067	4176	4061	3682	3536	4100	3333	4138	4181	3943	3776	3867	3727	3753	3991	4264	3862	3734	4000	3898	3845	4018	3621	3782	3900	3636	3489	3805	3993	4072	3759	3464	3770	3928	3539	3418	3976	3458	4108	3796
3690	3849	3540	3777	3771	3740	3428	3937	3850	3893	3918	3655	4012	3921	4006	3295	3642	3998	3730	3562	3494	4016	4111	3723	3828	3963	3791	3883	3789	3832	3632	3424	3908	4099	4126	4185	3787	4426	3857	3305	3901	3770	3814	3738	3682	3767	3775	3682	3683	3863	3950	3963	3481	3340	3875	3719	3941	3545	3716	3533	3897	3549	3856	3755	4146	3489	3870	3754	3621	3306	3810	3715	3867	3767	3865	3601	3564	4118	4052	3982	3830	3821	3846	3731	3497	3751	3610	3512	4045	4126	3798	3358	3397	4093	3384	4162	4013	3707	3614	3740	3777	3530	4108	4278	3711	3571	3984	3809	3698	3796	3610	3680	3742	3805	3398	3828	3872	3938	3641	3378	3691	3688	3518	3565	3715	3405	3915	3662
4157	3872	4004	3754	4190	4187	3924	4147	4063	4148	4260	3767	4370	4246	4176	3500	3953	4222	3973	3722	3596	4369	4405	4180	4285	4210	4055	4164	4019	4076	3801	3779	4338	4100	4582	4108	3936	4448	4149	3625	4216	4175	4023	4173	3869	3934	4178	4157	3755	4097	4120	4410	3608	3631	3957	4035	4248	3802	3827	3632	4247	3551	3869	4141	4494	3744	4018	3958	4070	3796	3912	4119	3989	4074	4167	4052	3871	4398	4313	4237	4083	3952	4171	4035	3827	4025	3796	4133	4311	4108	4264	3721	3720	4234	3560	4227	4423	4071	3759	3974	3926	3799	4113	4436	4022	4023	4301	3952	3908	4125	3786	3900	3868	4043	3647	3915	4255	4242	4064	3756	3972	4146	3755	3474	4040	3739	4222	3918
3998	3606	3726	3723	3994	3904	3316	4078	3746	3958	3857	3807	4299	4024	4131	3472	3813	4081	3530	3775	3466	4229	4291	3891	3894	3899	3883	4053	3698	3825	3688	3704	3945	3849	4133	3997	3794	4371	3972	3395	4031	3868	4037	4093	3673	3754	3867	3945	3518	3749	3966	4170	3653	3588	3813	3946	3825	3646	3841	3517	3927	3431	3709	3942	4351	3370	3738	3740	4010	3576	4054	3776	3950	4003	3942	3874	3714	4410	4283	4304	3921	3903	3909	3827	3707	3993	3587	3841	4069	3999	4072	3463	3580	3978	3436	4329	4172	3833	3684	3966	3784	3778	4172	4240	3809	3656	3832	3832	3872	3943	3885	3832	3813	3825	3493	3621	3862	4132	3584	3540	3797	3833	3506	3401	3990	3438	4035	3748
3960	3726	3805	3865	3885	3879	3697	4225	3940	3935	3863	3841	4159	3969	3895	3294	3816	3900	3698	3838	3490	4217	4348	3938	3918	4215	3713	4060	3703	3961	3857	3703	3909	4031	4207	4103	3904	4310	3845	3431	3975	3896	4167	4011	3814	3994	3950	4045	3723	3752	3960	4131	3686	3532	3831	3772	3829	3696	3863	3413	3986	3448	3769	3752	4113	3489	3774	3737	3904	3483	3789	3765	4048	3931	4121	3828	3650	4203	4106	3994	3934	4062	4067	3781	3532	4002	3635	3771	4137	3956	4061	3466	3577	4149	3549	4202	4273	3995	3698	3853	3808	3885	4180	4116	3916	3710	4156	3787	3860	4082	3691	3827	3752	3750	3438	3759	3939	3987	3758	3509	3866	3972	3646	3480	3901	3622	4145	3763
3812	3652	3828	3748	3929	3819	3462	4181	4014	4070	3925	3721	4140	3997	3822	3387	3587	4072	3619	3543	3435	4080	3944	3936	3826	3897	3784	4124	3622	3992	3724	3528	3984	3953	4039	4002	3690	4341	3891	3346	3768	3837	3956	3975	3732	3925	4238	3891	3682	3820	3765	3935	3550	3481	3778	3862	3730	3477	3705	3498	3979	3406	3640	3920	4106	3404	3760	3662	3741	3561	3510	3791	4020	3918	3919	3749	3545	4263	4208	4188	3884	3859	3934	3668	3657	3986	3624	3676	4043	4038	3826	3558	3328	3967	3453	3930	4201	3854	3588	3686	3730	3618	4019	4150	3805	3578	3967	3872	3714	3858	3567	3770	3699	3793	3588	3670	3907	3884	3608	3478	3776	3745	3542	3386	3916	3519	4103	3771
3678	3562	3630	3518	3626	3703	3298	3662	3573	3545	3723	3426	3827	3582	3861	3143	3485	3520	3405	3615	3159	3993	3986	3730	3764	3795	3588	3583	3507	3347	3506	3423	3659	3734	3962	3766	3597	3860	3653	3110	3769	3515	3825	3691	3502	3414	3672	3582	3289	3545	3703	3757	3300	3190	3446	3525	3595	3521	3525	3417	3916	3319	3541	3537	3906	3282	3570	3422	3727	3229	3467	3637	3525	3688	3672	3469	3442	4032	3865	3859	3636	3604	3607	3386	3374	3618	3258	3658	3837	3746	3754	3284	3356	4022	3144	3709	3889	3562	3384	3718	3527	3346	3815	3930	3589	3546	3582	3480	3538	3492	3411	3597	3511	3459	3436	3398	3740	3870	3387	3359	3523	3683	3230	3330	3663	3292	3796	3378
3909	3889	4057	3967	4024	4133	3893	4183	4143	4280	4094	3832	4227	4089	4057	3581	3750	4108	3879	3908	3619	4311	4244	4219	4165	4304	4009	4224	3821	3988	3901	3529	4159	4340	4360	4336	3998	4424	3936	3585	4140	4192	3971	4187	3999	4039	4042	3889	3975	4011	3902	4285	3741	3488	3844	3868	4118	3815	3986	3460	4063	3697	3925	4016	4288	3669	3814	4103	4155	3772	4000	3935	4170	4069	4100	3889	3756	4321	4142	4271	4158	3994	4199	4024	3744	4072	3630	3865	4238	4198	4067	3713	3630	4416	3546	4219	4281	4050	3925	4034	3934	3873	4396	4303	3982	3957	4334	3966	4124	4207	3896	4037	3944	3968	3778	3899	4016	4156	3860	3660	3987	4027	3763	3651	3974	3691	3965	3681
3760	3453	3611	3570	3719	3602	3407	3841	3777	3540	3758	3692	3946	3835	3589	3173	3534	3783	3758	3461	3284	3804	3932	3797	3687	3792	3629	3792	3590	3722	3283	3499	3679	3863	3976	3952	3633	4093	3566	3342	3807	3577	3775	3637	3483	3603	3655	3624	3382	3735	3745	3964	3393	3255	3524	3685	3625	3532	3655	3253	3527	3409	3548	3678	3857	3249	3572	3622	3741	3299	3645	3529	3794	3748	3784	3611	3358	3973	4020	3997	3703	3775	3799	3447	3640	3387	3419	3752	3730	3837	3972	3261	3363	3855	3161	3896	3987	3687	3623	3691	3579	3432	3797	4144	3720	3641	3896	3675	3779	3640	3454	3528	3551	3675	3311	3490	3735	3762	3451	3442	3543	3625	3410	3227	3553	3215	3714	3440
3965	3795	4080	4030	3977	3985	3686	4073	4004	4036	4032	3917	4295	4070	4088	3520	3797	4195	3924	3831	3434	4202	4158	4148	4013	4320	3866	4198	3938	3936	4079	3715	3965	4097	4303	4381	3983	4228	4099	3662	4052	3944	4053	4194	3897	3896	4056	3998	3632	3922	3950	4125	3711	3578	3872	3971	4071	3898	3811	3464	4149	3777	3958	3926	4253	3571	3781	3872	3903	3535	3775	3944	3715	4044	4013	3992	3760	4305	4147	4012	4312	4080	4077	3766	3671	4007	3810	3800	4315	4141	3964	3642	3520	4295	3405	4014	4386	3901	3764	3955	3882	3822	4017	4144	3926	3772	4129	3864	3896	4051	3712	4024	3829	3655	3803	3740	3979	4215	3812	3729	3956	3968	3739	3505	4124	3615	3973	3766
4006	3956	3841	3832	3993	3970	3767	4136	3949	4041	3750	3636	4159	3973	4129	3451	3717	4074	3867	3716	3704	4267	4288	4127	4080	4165	4037	3974	3895	3823	3853	3846	4021	4078	4377	4186	3810	4396	4062	3511	4030	3866	3976	4202	3744	4157	4156	4021	3533	3740	3821	4119	3551	3634	3783	3950	4088	3795	3653	3610	4202	3610	3684	3945	4251	3567	3718	3929	4063	3717	3828	3860	4009	3938	4240	3903	3587	4420	4177	4102	3888	4040	3831	3902	3587	3901	3712	3876	4184	3976	4186	3683	3545	4345	3427	4197	4442	3874	3835	3828	3750	3823	4045	4316	4004	3773	4048	3941	3914	4024	3932	3901	3681	3902	3602	3717	4049	3933	3840	3680	3936	3914	3699	3600	3854	3472	4187	3735
4197	4070	4152	4149	4346	4203	3965	4275	4375	4163	4266	4067	4608	4264	4470	3659	4063	4317	4175	4018	3683	4444	4387	4306	4334	4257	4164	4305	4042	4229	4023	3860	4178	4387	4724	4364	4183	4602	4090	3589	4195	4311	4190	4283	4115	4143	4299	4327	4006	4176	4247	4554	3983	3740	4083	4145	4317	3889	4174	3763	4335	3810	4107	4195	4592	3693	3971	4180	4467	3629	4135	4216	4288	4296	4466	4120	3947	4634	4499	4288	4178	4273	4513	4033	4058	4276	4007	4241	4474	4196	4359	3808	3887	4572	3716	4454	4516	4273	4069	4259	3910	3943	4440	4673	4266	4053	4463	4144	4159	4254	3869	4200	4175	4116	3787	3953	4240	4226	4050	3873	3922	4242	3961	3787	4178	3686	4430	3994
4070	3601	3875	3742	3749	3826	3549	3988	3835	3682	3838	3522	4101	3891	4005	3368	3721	4031	3696	3606	3324	4241	4372	3917	4099	4162	3763	3961	3763	3772	3727	3616	4003	3991	4195	4144	3951	4310	3661	3479	3836	3899	3917	4007	3700	3863	3969	3941	3668	3861	3900	3964	3616	3558	3813	3785	3755	3581	3795	3644	4077	3341	3654	3930	4235	3593	3926	3740	3902	3435	3688	3958	3873	3821	3983	3819	3691	4259	4088	3996	3774	3833	3939	3736	3572	3941	3641	3845	4067	4051	3997	3559	3518	4291	3320	4062	4121	3788	3519	3941	3788	3774	4200	4114	3969	3744	4092	3802	3746	3785	3746	3752	3686	3813	3646	3781	3905	4056	3710	3536	3804	3944	3522	3278	3779	3571	3881	3619
4078	4012	4007	3931	4009	4352	3741	4127	4037	4204	4246	3863	4280	4117	4132	3597	3632	4236	4006	3772	3811	4348	4585	4124	4318	4370	3989	4179	4046	3911	3889	3764	4093	4236	4373	4451	4081	4535	4077	3445	4210	4042	4120	4078	4034	4170	4354	4034	3910	3966	4162	4423	3610	3722	3916	3961	4086	4008	3983	3640	4312	3741	3853	4058	4482	3723	3910	4057	4177	3602	3983	4024	4011	4178	4265	3872	3970	4533	4291	4275	4073	4066	4147	3773	3823	4096	3836	4054	4192	4152	4044	3736	3660	4342	3541	4232	4377	3965	3900	4060	3860	3874	4286	4430	4099	4066	4362	4177	3904	4016	3978	4004	3875	3978	3658	3843	4118	4079	3934	3728	4121	4092	3826	3500	4014	3637	4107	3680
3632	3555	3729	3617	3666	3708	3509	3727	3893	3544	3681	3548	3938	3764	3867	3256	3533	3836	3626	3432	3069	3889	3904	3751	3705	3755	3575	3691	3596	3605	3605	3469	3687	3839	4081	3853	3513	3986	3645	3320	3602	3659	3694	3758	3620	3681	3819	3717	3423	3539	3565	3823	3427	3189	3385	3672	3650	3469	3549	3242	3841	3408	3517	3680	3902	3198	3478	3725	3703	3397	3609	3667	3419	3817	3689	3679	3317	3884	3749	3889	3727	3556	3847	3601	3640	3687	3327	3529	3694	3882	3850	3501	3312	3982	3251	3817	3854	3696	3577	3635	3423	3569	3795	4026	3500	3491	3834	3635	3627	3706	3227	3700	3555	3524	3525	3450	3756	3725	3514	3427	3569	3647	3489	3137	3828	3075	3735	3513
3991	3714	4014	3797	3860	4062	3673	4179	4066	3844	4011	3597	4201	3987	3983	3334	3785	4020	3828	3685	3444	4349	4203	4043	4072	4177	3875	3989	3910	3804	3566	3624	3934	4088	4437	4139	3868	4301	3979	3435	3972	3651	3910	3928	3835	4075	4203	3900	3697	3850	4046	4229	3836	3524	3771	3956	3894	3566	3850	3467	4058	3733	3642	4004	4206	3559	3797	3816	3991	3454	3744	3963	3896	3787	4010	3869	3557	4156	4288	4205	3924	4083	3932	3700	3517	3870	3592	3844	4204	3963	4056	3579	3384	4284	3460	4192	4370	3954	3712	3948	3835	3642	4084	4247	4123	3947	4120	3832	3886	3968	3550	3940	3820	3897	3566	3793	4071	4077	3685	3667	3895	3810	3696	3654	3810	3569	3998	3811
3906	3831	4118	3853	4052	4222	3684	4119	4267	4073	3939	3926	4285	4041	4096	3452	3692	4366	3988	3745	3554	4397	4331	4100	4118	4150	4082	4117	4004	3950	4087	3755	3947	4240	4329	4241	3978	4324	4014	3726	4064	4021	4086	4027	3806	3966	4213	4002	3651	4040	4018	4248	3756	3682	3956	4019	3951	3814	3851	3490	4174	3802	3795	3864	4337	3658	3831	3916	3996	3597	3845	3979	3977	4075	4128	3853	3868	4466	4203	4388	4049	4051	4068	3980	3871	3947	3698	3990	4168	4163	4045	3821	3579	4327	3554	4193	4369	3834	3861	4138	3831	3983	4255	4344	3959	3823	4257	3948	4057	4101	3738	3989	3916	3877	3773	3901	3851	4019	3966	3672	4048	4176	3693	3616	4129	3650	4168	3760
3845	3762	3757	3661	3714	3704	3524	3812	3837	3894	3914	3618	4219	3875	3867	3346	3722	3902	3785	3669	3447	4219	4125	3765	3884	4034	3751	3897	3680	3726	3748	3373	3920	3908	4179	4061	3706	4143	3815	3347	3805	3825	3815	3934	3677	3815	3810	3760	3532	3766	3641	4071	3569	3304	3854	3785	3629	3601	3843	3232	3970	3418	3774	3739	4161	3432	3670	3633	4002	3353	3599	3747	3916	3841	4035	3669	3658	4084	3974	3971	3847	3753	4002	3682	3556	3918	3596	3542	4137	3888	3820	3333	3616	4070	3378	3800	4143	3837	3503	3844	3832	3754	3944	3981	3675	3704	3962	3725	3772	3824	3688	3634	3681	3897	3449	3486	3845	3979	3707	3528	3751	3794	3516	3357	3889	3372	4125	3563
4009	3960	3971	3934	3855	4067	3697	3974	4042	3877	3854	3720	4156	4074	4029	3366	3839	4112	3948	3828	3432	4282	4108	3977	3996	4125	3874	4015	3899	4182	3633	3721	4029	4140	4326	4233	3923	4414	3922	3459	3869	4029	4083	4071	3702	4063	4117	4033	3657	3907	3866	3991	3638	3593	3817	3944	3861	3579	3800	3396	4006	3796	3743	4037	4299	3712	3669	3732	3974	3452	3766	4043	3981	4052	4060	3784	3558	4445	4063	4127	3916	4025	3929	3815	3703	4024	3716	3864	4044	3981	4051	3697	3678	4192	3468	4092	4455	3763	3839	3990	3693	3808	4138	4285	3902	3594	4160	3815	3641	4092	3682	3848	3956	3679	3686	3987	3939	4075	3674	3591	3972	4017	3745	3660	4088	3587	4140	3793
3741	3607	3853	3583	3674	3714	3589	3874	3803	3682	3840	3540	3918	3856	3754	3335	3712	3883	3546	3725	3274	4017	4142	4040	3927	4065	3813	3836	3605	3972	3725	3247	3968	3883	4085	4127	3675	4306	3667	3155	3628	3984	3883	3946	3685	3874	3961	3673	3590	3589	3741	4011	3513	3375	3560	3569	3750	3477	3516	3393	3824	3408	3738	3864	4100	3481	3460	3818	4000	3386	3684	3736	3782	3780	3767	3791	3719	4125	3933	3818	3642	3878	3708	3808	3448	3721	3542	3613	4091	3860	3836	3365	3392	4050	3347	3918	4115	3819	3408	3808	3642	3680	3830	4079	3960	3686	4039	3770	3620	3808	3595	3698	3794	3544	3382	3714	3959	3812	3384	3501	3570	3921	3567	3406	3645	3306	3969	3557
3914	3712	3809	3674	3692	3972	3573	3860	3811	3853	3683	3566	4069	3926	3868	3485	3476	3949	3737	3532	3317	4049	4118	3998	3865	4105	3885	3865	3683	3820	3812	3595	3921	3930	4234	4148	3980	4284	3840	3249	3872	3679	3912	4000	3632	3948	4029	3831	3662	3857	3800	3961	3416	3436	3834	3757	3854	3600	3704	3416	3889	3581	3709	3952	4080	3392	3663	3706	3941	3474	3698	3828	3834	3777	3946	3688	3590	4096	3957	3888	3718	3849	3985	3629	3566	3950	3541	3790	4207	4019	4005	3623	3573	3877	3421	4011	4059	3947	3791	3987	3706	3709	4120	4105	3842	3632	3897	3916	3631	3839	3767	3706	3616	3835	3535	3874	4121	3992	3618	3702	3831	4024	3547	3419	3733	3534	4167	3558
3666	3649	3630	3583	3684	3619	3402	4019	4100	3594	3747	3765	3799	3724	4005	3316	3522	3714	3593	3630	3221	3942	3881	3647	3826	3656	3544	3794	3637	3817	3619	3363	3664	3890	4110	3837	3621	3980	3718	3152	3620	3644	3863	3878	3531	3757	3710	3680	3513	3509	3729	3910	3405	3299	3603	3736	3799	3567	3661	3298	3852	3506	3690	3615	4094	3283	3526	3703	3777	3405	3864	3501	3626	3842	3891	3683	3438	4069	3763	3687	3787	3724	3937	3510	3449	3690	3399	3549	4024	3909	3838	3385	3322	3931	3207	3956	4089	3654	3628	3521	3593	3461	3822	4071	3860	3605	3663	3682	3781	3967	3359	3653	3658	3622	3478	3702	3547	3840	3556	3389	3578	3703	3379	3228	3773	3199	3938	3616
4243	3623	3844	3799	4026	3924	3700	4110	4153	4031	4098	3759	4070	3999	3914	3536	3862	4081	3985	3819	3390	4179	4265	4008	3800	4140	3893	4051	3875	4076	3799	3649	4043	4124	4144	4263	4008	4238	4035	3557	3962	3872	3899	4166	3760	3902	3961	3936	3794	3876	4039	4110	3614	3579	3654	3838	3957	3893	3950	3759	3947	3648	3938	3813	4227	3490	3876	3940	4062	3464	3805	3804	3970	4013	4098	3785	3488	4384	4179	4060	3915	3841	4134	3839	3506	3901	3858	3917	4139	4134	4328	3484	3647	4140	3430	4200	4113	3958	3929	4045	3739	3879	4198	4208	3956	3882	4185	3883	3980	3940	3732	3772	3918	3761	3631	3929	4084	4086	3753	3779	3716	4028	3601	3475	3845	3354	4033	3658
3701	3621	3599	3634	3961	3905	3557	3904	3833	3907	3762	3633	4092	3909	3865	3400	3520	3963	3574	3537	3455	3962	3891	3868	3895	4030	3877	4014	3717	3817	3716	3505	3980	3923	4052	3982	3808	4176	3819	3464	3828	3903	3700	3988	3571	3872	3999	3803	3579	3647	3715	3875	3599	3386	3774	3625	3750	3571	3558	3306	4041	3488	3651	3878	4273	3427	3763	3657	3913	3582	3705	3674	3938	3723	3887	3761	3573	4213	4022	4074	3753	3930	3935	3877	3572	3743	3557	3658	3969	3947	3880	3546	3442	3926	3395	3977	4338	3755	3634	3750	3592	3628	4032	4222	3930	3644	3920	3734	3725	3750	3675	3743	3585	3623	3414	3753	3785	3770	3624	3572	3808	3743	3661	3426	3831	3418	3950	3572
4151	4118	4080	4085	4124	3953	3884	4316	4274	4224	4315	3860	4587	4366	4143	3770	4142	4297	4062	4062	3763	4641	4599	4271	4505	4446	4160	4471	4138	4207	4123	3798	4239	4566	4378	4355	4120	4585	4135	3638	4182	4279	4284	4342	4115	4185	4199	4217	4005	4172	4312	4568	3936	3772	4245	4162	4204	3896	4169	3820	4501	3756	3983	4220	4409	3929	4202	4117	4385	3847	4105	4282	4383	4256	4320	4070	3943	4708	4616	4508	4283	4219	4380	4213	3837	4276	3891	4182	4420	4470	4271	3666	3795	4540	3590	4443	4639	4284	4044	4025	4134	4084	4476	4623	4367	4162	4329	4075	4234	4284	4053	4350	4057	4078	3870	3980	4157	4324	4150	3708	4211	4275	3847	3907	4204	3956	4326	4155
3669	3653	3787	3651	3806	3828	3384	3761	3914	3753	3784	3614	3955	3688	3864	3228	3584	3887	3494	3568	3219	4060	3909	3752	3845	3846	3765	3949	3640	3714	3639	3343	3799	3773	4025	4032	3684	4075	3400	3281	3581	3750	3851	3681	3758	3720	3972	3905	3570	3608	3620	3878	3614	3371	3726	3777	3801	3604	3600	3420	3843	3406	3644	3814	4033	3283	3479	3664	3726	3340	3701	3674	3737	3760	3722	3635	3518	4057	3857	3919	3683	3720	3791	3649	3438	3812	3507	3593	3886	3810	3674	3350	3157	3957	3405	3964	4349	3683	3368	3569	3710	3784	3786	3892	3768	3628	3868	3722	3572	3700	3414	3767	3648	3489	3314	3702	3710	3691	3404	3393	3623	3668	3478	3379	3866	3337	3966	3448
4057	4022	3982	4046	4168	4098	3828	3961	4223	4006	4142	3784	4191	4235	4180	3464	3770	4178	3821	3794	3551	4257	4309	3869	4178	4071	3988	4140	4010	3896	4011	3758	4282	4197	4389	3956	4071	4515	4046	3546	4030	4081	3997	3992	3976	4073	4366	4064	3791	4010	4038	4235	3670	3632	3834	3960	4123	3873	3774	3557	4186	3754	3811	4244	4292	3789	3939	4038	4056	3630	3810	3989	3981	4079	4193	3978	3783	4594	4359	4427	4123	4134	4054	3940	3765	4065	3625	3924	3946	4168	3967	3780	3557	4316	3467	4322	4417	4032	3930	4070	3803	3640	4200	4373	3998	3994	4195	4100	3980	3907	3769	4020	3856	3946	3692	3853	4166	4196	3950	3661	4159	4121	3795	3741	4023	3702	4275	3746
4209	3789	3876	3887	4008	4184	3311	3962	3890	3953	4140	3742	4119	4060	3942	3451	3656	4096	3874	3645	3554	4320	4162	4000	3916	4116	3904	4167	3905	3971	3733	3667	4095	3850	4338	4150	3845	4334	4119	3578	3945	3986	4102	4063	3863	4038	4129	3954	3831	3768	3884	4100	3728	3383	3866	3959	3850	3696	3844	3385	3938	3754	3915	4221	4470	3591	3650	3949	3841	3473	3871	3965	3980	3958	4021	4001	3705	4338	4287	4217	3924	3970	4103	3736	3529	3899	3635	3876	4246	3979	4005	3643	3490	4126	3497	4186	4424	3882	3646	3850	3698	3839	3995	4242	3912	3752	4022	3891	3763	4025	3660	3938	3757	3820	3638	3691	3929	3993	3679	3567	3903	3885	3743	3502	4067	3497	4224	3636
3829	3933	4107	3969	4124	4085	3735	4123	4190	4142	3876	3746	4277	4067	4053	3464	3707	4300	3998	3792	3561	4368	4304	4195	4046	4126	4071	4276	3870	3916	4067	3539	4144	4246	4292	4324	3837	4293	3958	3650	4006	4025	4091	4264	3836	4011	4249	4084	3739	4017	3879	4114	3709	3553	3771	3996	3945	3960	3979	3514	4228	3918	3974	4031	4321	3647	3986	3879	4065	3529	3811	3991	4109	3995	4180	4017	3731	4509	4186	4394	4101	4019	3952	3907	3780	3848	3645	4068	4188	4189	4219	3752	3565	4244	3725	4192	4555	3998	3825	4075	4027	3950	4157	4339	4126	3989	4027	4056	3963	4123	3639	4075	3829	4056	3645	3854	3932	4232	3825	3733	4026	4012	3750	3685	4049	3581	4196	3749
3814	3756	3756	3636	3836	3785	3535	3906	3955	3993	3801	3563	3958	3831	3890	3220	3684	3876	3698	3554	3473	3929	4159	3932	4111	3856	3714	3901	3673	3839	3802	3514	3778	4007	4077	3872	3741	4182	3858	3406	3705	3801	3905	3854	3726	3753	4081	3815	3553	3610	3900	3985	3633	3455	3673	3782	3933	3565	3623	3508	4024	3659	3728	3808	4041	3523	3641	3853	3960	3188	3598	3845	3818	3753	4065	3794	3482	4432	4096	4000	3877	3911	3748	3687	3415	3740	3601	3706	3880	3733	3814	3480	3407	4050	3253	4142	4448	3828	3518	3711	3689	3552	3887	4041	3775	3676	3988	3843	3839	3807	3486	3830	3657	3558	3423	3689	3807	3809	3599	3459	3750	3894	3650	3348	3766	3462	3951	3431
4017	4045	4064	3933	4038	4112	3746	4155	4368	4079	3999	3882	4293	4017	4203	3473	3935	4303	3987	3733	3477	4300	4393	4080	4254	4183	4122	4055	3916	3992	3813	3628	4084	4380	4364	4406	4002	4469	3932	3591	4051	4074	4210	4372	3826	4178	4423	4107	3873	3896	3974	4182	3674	3708	4091	4107	3988	3778	3882	3728	4329	3652	3919	4138	4417	3521	3886	4076	4289	3615	3924	3878	4159	4051	4196	3920	3818	4510	4212	4102	3996	4103	3977	3874	3892	3889	3832	4061	4276	4414	4044	3575	3748	4351	3554	4212	4485	3881	3730	4003	3903	3872	4214	4386	3981	3850	4267	4011	3947	4144	3829	4174	3957	4059	3586	4066	4217	4179	3803	3618	3768	4057	3679	3707	3917	3552	4269	3730
4150	3996	4055	3946	3842	3989	3809	4167	4125	3937	4157	3894	4305	4008	4028	3482	3830	4002	3998	3761	3545	4294	4437	3982	4158	4158	3956	4082	4080	3971	3911	3611	3996	4374	4439	4157	4016	4280	3998	3516	3986	4056	4163	4151	3871	4103	4178	4037	3860	3878	4072	4191	3711	3623	3926	4093	4099	3903	3935	3479	4176	3866	3864	3982	4332	3526	3913	4049	4166	3436	3798	4066	3963	3991	4384	3918	3742	4365	4417	4095	4074	3851	4113	3723	3594	4130	3706	4025	4184	4016	4239	3552	3670	4464	3367	4248	4403	4015	3878	4077	3904	3905	4128	4302	3968	4093	4217	4055	4059	4271	3730	3898	3954	4071	3633	3814	4122	4093	3941	3734	4032	4078	3830	3718	3970	3638	4248	3804
3629	3725	3891	3667	3903	4034	3611	3851	3951	3885	3743	3465	3903	3821	3786	3152	3447	3796	3622	3405	3141	4230	3854	3718	3927	3826	3722	3784	3544	3744	3457	3302	3847	3967	4045	3838	3653	4033	3665	3009	3712	3738	3806	4074	3463	4018	3915	3757	3511	3573	3669	3981	3316	3295	3395	3578	3813	3548	3560	3202	3890	3349	3615	3782	3938	3197	3545	3472	3749	3443	3518	3531	3792	3762	3898	3668	3403	4140	3786	3899	3722	3582	3717	3695	3413	3829	3466	3687	3776	3888	3754	3525	3338	4074	3305	3938	4064	3552	3641	3770	3513	3510	3964	3990	3632	3607	4013	3672	3604	3812	3524	3556	3730	3641	3435	3675	3701	3828	3513	3430	3777	3665	3578	3423	3688	3230	3860	3490
4199	3831	4173	4016	4247	4190	3857	4189	4219	4005	4132	3884	4293	4244	4334	3615	3802	4178	3892	3957	3522	4456	4456	4090	4228	4205	4032	4299	3913	4014	3930	3741	4191	4345	4584	4435	4095	4555	4027	3652	3963	4092	4166	4153	3938	4146	4348	4251	4055	3924	4183	4244	3941	3567	3961	4179	4239	3848	3962	3967	4337	3899	3946	4061	4349	3662	3961	4077	4221	3651	4061	4195	4052	4239	4288	3983	3861	4529	4420	4393	4054	4097	4178	4035	3889	3891	3811	4016	4263	4423	4256	3947	3506	4435	3536	4431	4511	4023	3945	4061	3984	4045	4300	4498	4200	4092	4374	4305	4070	4109	3705	4098	3968	3873	3892	3948	4293	4194	3871	4040	4094	4133	3887	3683	4071	3553	4337	3947
3741	3647	3793	3650	3800	3960	3450	3755	3844	3829	3813	3562	4020	3938	3820	3154	3392	4015	3653	3564	3380	4143	4009	3716	3803	3929	3803	3832	3723	3750	3691	3537	3890	3981	4015	3981	3748	4025	3917	3260	3805	3735	3809	3899	3526	3824	3843	3885	3742	3614	3739	3786	3356	3413	3536	3714	3797	3521	3657	3335	3876	3401	3657	3798	3956	3435	3511	3627	3803	3376	3687	3682	3842	3697	3855	3642	3614	4137	4092	3981	3846	3800	3806	3467	3517	3825	3523	3817	3901	3819	3862	3433	3392	3887	3205	3959	4194	3674	3644	3710	3611	3635	3867	3988	3697	3642	3938	3811	3597	3789	3486	3689	3669	3641	3433	3594	3921	3844	3583	3563	3760	3724	3408	3375	3813	3345	4007	3411
4203	3842	4196	3886	4129	4110	3933	4061	4142	4093	4195	3759	4519	4172	4186	3608	3997	4416	3847	3820	3541	4405	4462	4248	4223	4239	4141	4154	3961	4251	4062	3764	4232	4194	4483	4301	3925	4459	4049	3658	4147	4174	4252	4115	3901	4054	4211	3996	3811	4030	3892	4281	3808	3647	4107	4057	4100	3769	3802	3588	4201	3806	3975	4188	4221	3684	3694	3953	4291	3651	4124	4127	4133	4067	4132	4113	3877	4422	4208	4293	4064	4138	4203	4118	3887	3989	3712	4118	4270	4095	4077	3785	3868	4305	3598	4288	4562	4077	3831	4061	4057	3945	4293	4510	4060	3832	4217	4003	3941	4020	3575	4207	3979	3789	3598	3982	4191	4264	3901	3801	4006	4234	3845	3560	4183	3627	4250	3910
4160	3736	4109	4029	3978	4196	3796	4149	4059	3815	4081	3787	4240	3907	4178	3437	3781	4183	3873	3906	3459	4483	4392	4119	3932	4487	4114	4222	3871	4035	4083	3651	4132	4222	4411	4368	3931	4385	3930	3532	4178	4007	4177	4174	3745	3958	4163	4285	3582	3895	4050	4137	3634	3645	3899	4187	3999	3765	3706	3483	4130	3859	3864	3956	4291	3500	3816	3903	4116	3566	3916	4039	4074	3944	4224	3846	3692	4415	4381	4227	4136	4093	4104	3866	3821	4085	3755	3894	4231	4231	4237	3622	3634	4282	3369	4196	4253	3981	3838	4130	3896	3807	4188	4483	4021	3704	4353	3868	3947	4062	3764	3897	4036	3801	3680	3899	4133	4138	3750	3790	3907	3966	3820	3718	4066	3364	4107	3739
3956	4005	4038	3885	4107	4129	3788	4119	4005	4117	3959	3938	4234	4099	4368	3359	3639	4288	3869	3733	3548	4348	4208	4025	4264	4034	4171	3952	3935	4099	3638	3625	4165	4114	4545	4306	3907	4465	4104	3469	4173	4101	3869	4281	3950	4026	4167	3998	3764	4014	3972	4250	3655	3691	3885	3993	3998	3613	3809	3584	4275	3862	4103	4066	4327	3832	3894	3908	4089	3548	3845	4044	3940	4209	3946	3891	3769	4450	4220	4349	4137	4181	4110	3785	3894	4054	3666	3996	4092	4168	4152	3678	3528	4285	3427	4272	4311	3762	3945	4019	3861	3888	4159	4434	4035	3767	4216	4120	3865	4034	3893	3904	3817	3912	3797	3980	4159	4213	3757	3957	3827	4145	3820	3661	3973	3709	4333	3833
4161	3764	4027	3959	4116	4199	3956	4218	4293	4087	4084	3982	4235	4220	4044	3606	3915	4207	3933	3932	3454	4162	4433	4063	4314	4314	4093	4166	3951	4049	4079	3845	4170	4179	4301	4387	4157	4476	3944	3572	3970	3964	4181	4230	3934	3993	4303	3895	3707	4036	4158	4089	3820	3695	3821	4100	4188	3904	3779	3807	4244	3759	3918	4228	4329	3518	3940	4030	4172	3660	4049	3945	3958	4007	4093	4008	3967	4356	4048	4023	4124	4125	4080	3881	3831	3912	3804	4119	4417	4356	4292	3778	3844	4150	3427	4268	4340	3980	3881	4085	3958	3758	4334	4395	4099	4049	4152	4127	3952	4054	3695	4126	3858	3799	3842	4005	4069	4288	3803	3870	4049	4199	3865	3643	4096	3691	4093	3768
3732	3611	3808	3807	3853	3896	3543	3793	4002	3877	3891	3753	4115	3924	3934	3411	3765	3946	3652	3673	3401	4111	4133	3793	3897	3874	3790	4088	3861	3731	3843	3401	3898	4056	4178	4086	3794	4155	3727	3463	3807	3903	3866	4047	3780	3955	4089	4033	3650	3757	3842	3969	3580	3500	3597	3800	3761	3767	3760	3315	3960	3553	3594	3827	4163	3486	3627	3790	4031	3564	3756	3776	3758	3923	3927	3791	3571	4195	4030	4171	3940	3865	3940	3690	3643	3856	3534	3853	4010	3938	3828	3444	3327	3961	3292	3937	4231	3602	3782	3714	3631	3683	3975	4076	3968	3726	4087	3837	3954	3819	3574	3820	3803	3782	3675	3566	3652	3968	3695	3530	3572	3656	3701	3250	3966	3339	3997	3479
3848	3641	3643	3500	3733	3691	3389	3938	3942	3691	3589	3517	4153	3692	3669	3295	3548	3906	3736	3496	3244	4144	4158	3824	3908	3873	3757	3930	3694	3877	3615	3468	3814	3991	3975	4011	3547	4127	3629	3400	3912	3856	3747	3762	3458	3777	3758	3841	3566	3764	3937	4061	3426	3370	3824	3698	3778	3509	3676	3438	3845	3497	3591	3713	4048	3375	3642	3842	3951	3384	3753	3685	3908	3773	4008	3599	3447	4225	4012	4009	3872	3911	3887	3667	3467	3759	3513	3788	4036	3997	3876	3500	3392	4040	3276	3852	4196	3731	3575	3559	3723	3550	3756	4255	3847	3687	3992	3829	3808	3927	3450	3728	3528	3762	3425	3637	3695	3780	3583	3412	3678	3770	3484	3311	3791	3434	3785	3692
3926	3785	4113	3813	3947	3998	3764	3988	4078	3942	3952	3697	3957	3914	3982	3371	3369	4129	3872	3770	3436	4274	4180	3896	4080	4130	3819	3981	3921	3972	3557	3473	3868	4201	4181	4290	3768	4277	3887	3242	3866	3929	3948	4094	3684	4005	4106	3878	3891	3835	3800	4124	3392	3481	3713	3815	3975	3742	3870	3444	4121	3668	3742	3720	4249	3644	3649	3885	3919	3419	3865	3781	3965	3913	4219	3738	3593	4382	4109	4009	3861	3957	4048	3764	3669	3798	3542	3848	4044	3962	4101	3647	3528	4290	3290	3898	4204	3956	3762	3828	3624	3783	4033	4246	4054	3725	4102	4046	3758	3879	3730	3786	3894	3880	3592	3952	4085	3875	3697	3589	3826	4000	3569	3465	3776	3510	4051	3686
4204	3718	3866	3768	3836	3679	3633	3999	3956	3875	3977	3806	4189	3877	4059	3345	3775	3895	3765	3740	3459	4138	4212	3907	4074	3946	3767	4004	3870	3886	3618	3565	4021	4098	4267	4043	3778	4294	3966	3407	3878	4111	4033	3908	3656	3935	3980	3900	3597	3681	3850	4067	3560	3545	3670	3730	3790	3606	3838	3458	3961	3417	3705	3847	4176	3455	3941	3902	4178	3374	3660	3924	3946	3929	3989	3777	3718	4376	4125	4134	3866	3983	4022	3662	3585	4000	3550	3776	3985	4112	3941	3532	3416	4202	3427	4070	4239	3774	3580	3846	3714	3680	4058	4243	3869	3701	4090	3851	3942	3918	3662	3659	3710	3687	3684	3545	3877	3909	3509	3638	3672	3799	3703	3263	3746	3451	3995	3596
4011	3844	4027	3670	3725	3715	3740	4058	4138	3688	4027	3838	4180	3997	3838	3372	3636	4227	3835	3616	3382	4309	4238	3959	4140	4113	3953	3870	3793	3821	3823	3524	3786	4147	4175	4231	3702	4257	3813	3574	3726	3889	3886	4092	3863	3991	4040	3907	3513	3837	3818	4046	3584	3491	3678	3727	3607	3829	3905	3401	3939	3638	3694	3774	4195	3461	3739	3802	4157	3445	3747	3808	3867	3954	4166	3824	3537	4255	4173	4057	4078	3958	3939	3675	3634	3813	3692	3833	4183	4091	4017	3577	3626	4138	3434	4040	4320	3828	3719	3930	3748	3734	4079	4105	3922	3916	4246	4016	3833	3878	3697	3611	3663	3912	3570	3697	3879	4021	3672	3563	3824	3978	3423	3323	3830	3319	3935	3542
3674	3727	3873	3778	3885	3846	3673	3933	4105	3913	3775	3741	4051	3792	4027	3403	3522	4077	3715	3624	3458	4121	3946	3929	3912	3889	3947	3905	3809	3951	3688	3581	3872	4111	4109	4215	3824	4214	3764	3467	3860	3814	3605	4060	3843	3775	4093	3727	3586	3677	3832	3989	3438	3505	3757	3706	3759	3643	3613	3445	4101	3653	3699	3961	4104	3490	3632	3788	3850	3474	3610	3836	3796	3877	3973	3787	3544	4138	3987	4053	3945	4028	4005	3743	3656	3975	3585	3697	3952	4028	3916	3557	3272	4168	3286	4044	4097	3777	3821	3907	3750	3600	3965	4235	3844	3684	4074	3851	3719	4002	3519	3975	3788	3705	3566	3768	4084	3922	3587	3626	3831	3902	3550	3452	3886	3470	3967	3589
4120	3646	3868	3736	4014	4045	3605	4167	3959	4036	3974	3612	4257	3936	4004	3302	3709	4013	3803	3568	3386	4345	4326	3873	3909	4019	3831	4013	3873	4002	3763	3539	4132	4071	4326	4285	3715	4279	3834	3266	4099	3911	3932	4152	3567	4075	4072	4004	3807	3793	3963	4157	3535	3460	3854	3923	3717	3838	3765	3444	4098	3656	3910	3982	4276	3418	3847	3781	4049	3553	3815	3874	4046	3911	4223	3712	3645	4236	4263	4164	3815	3893	4057	3741	3521	3900	3724	3908	3978	3965	4129	3469	3572	4057	3474	4062	4297	3782	3516	3921	3789	3846	4218	4289	4023	3950	4104	3949	3872	3828	3730	3889	3735	3947	3516	3688	3870	4092	3715	3863	3860	3960	3792	3466	3816	3440	4060	3885
4174	3773	4004	3911	3877	4166	3787	4026	3974	3903	4174	3789	4166	4155	4037	3318	3642	4171	3828	3814	3553	4426	4408	4033	3917	4281	4034	4008	3991	4050	3937	3491	4237	4280	4397	4284	3903	4431	3980	3554	4150	4112	4175	4181	3748	4026	4221	3963	3558	3866	4027	4184	3821	3673	3848	3963	3990	3826	3757	3366	3964	3716	3792	4059	4306	3644	3720	3829	4200	3472	3762	4008	4129	3964	4298	3916	3733	4437	4312	4220	3946	4126	4212	3949	3506	4098	3804	3847	4165	4116	4129	3431	3511	4303	3333	4239	4318	3889	3788	3960	3774	3881	4200	4240	4000	3906	4243	3949	3920	3970	3690	3699	3901	3836	3680	3863	4042	3983	3744	3734	3938	4001	3874	3490	3880	3502	4139	3593
4090	4019	4064	3902	4071	4180	3945	4490	4263	4114	4177	4084	4340	4246	4087	3761	3638	4334	4100	3945	3496	4436	4392	4322	4155	4391	4178	4374	4165	4269	3894	3756	4242	4479	4545	4519	4054	4589	4004	3485	4218	4148	4258	4237	3845	4165	4257	4011	4028	3988	4018	4468	3804	3723	3999	4150	4136	3954	4035	3670	4321	3965	4043	4122	4619	3631	4074	4222	4231	3663	4058	4041	4091	4136	4379	3832	3825	4532	4475	4386	4238	4134	4127	3972	3850	4081	3742	4102	4340	4290	4280	3781	3725	4596	3739	4369	4452	4155	4085	3912	3987	3991	4346	4676	4149	4071	4306	4223	4053	4088	4013	4075	4098	4217	3847	4004	4185	4124	3888	3893	4109	4191	3683	3850	4257	3666	4141	4020
3829	3644	3817	3643	3689	3913	3689	3840	3906	4041	3737	3502	3829	3707	3997	3321	3588	3858	3584	3575	3371	4125	4117	3879	3929	4055	3775	3771	3586	3554	3673	3452	3955	3978	4102	4039	3783	4199	3731	3281	3805	3813	3720	4010	3719	3935	3815	3666	3700	3844	3751	3848	3350	3298	3734	3620	3718	3598	3634	3381	4085	3575	3718	3793	4167	3367	3615	3602	3934	3401	3751	3733	3797	3849	3844	3720	3511	4208	3854	3949	3838	3729	3915	3619	3454	3749	3580	3879	3983	3992	3978	3426	3613	4062	3112	3914	3943	3730	3557	3979	3609	3713	4110	4010	3828	3686	3929	3776	3821	3821	3616	3718	3653	3661	3533	3716	3868	4035	3371	3644	3765	3796	3539	3470	3616	3433	3976	3311
3979	4006	3938	3857	3954	3879	3672	4251	4129	3977	3940	3846	4285	3982	4168	3526	3703	4045	3924	3790	3366	4235	4260	3958	4135	3942	3734	4043	3838	3900	3900	3647	3913	4241	4200	4228	3867	4263	3800	3389	3907	3840	3879	4261	3838	3828	4060	3829	3810	3844	3878	3961	3803	3574	3807	3847	4052	3623	3868	3606	4082	3567	3881	3896	4299	3381	3852	3774	4094	3442	3849	3729	4031	3888	4282	3744	3768	4447	3990	3994	3959	3913	4025	3795	3700	4037	3720	3964	4189	4066	4043	3583	3625	4140	3319	4234	4200	4022	3883	3865	3821	3791	4368	4314	4053	3622	4137	4144	3758	3816	3834	3614	3934	3967	3554	3954	3920	3873	3821	3685	3747	3836	3729	3506	4072	3272	4073	3803
4218	3846	4009	4010	3994	4043	3845	4111	4194	3986	4150	3811	4177	4082	4040	3393	3775	4037	3784	3807	3501	4296	4357	3937	4166	4186	3943	4077	3879	3944	3787	3652	4139	4236	4422	4169	3931	4558	3922	3463	4105	3956	4192	4038	3890	4041	4286	4066	3682	3855	4037	4251	3825	3499	3780	4005	3974	3770	3734	3627	4095	3737	3699	3949	4183	3582	3872	4031	4068	3599	3765	3922	4117	4002	4123	3817	3633	4335	4224	4188	4013	4015	4165	3854	3701	4062	3785	3922	4033	4176	4036	3415	3413	4353	3502	4410	4359	3842	3783	3844	3839	3743	4069	4180	3881	3673	4116	3906	3887	3852	3724	4107	3861	3773	3609	3774	4036	4135	3745	3776	3799	3919	3770	3531	3843	3521	4075	3667
3886	3558	3928	3645	3799	3875	3479	3845	3870	3752	3990	3635	4196	3740	3758	3273	3417	4122	3603	3488	3261	4169	4183	3826	3852	3907	3904	3893	3755	3663	3732	3400	3863	3838	3979	4074	3779	4057	3636	3483	3902	3908	3788	3868	3585	3843	3847	3829	3420	3789	3641	3815	3499	3582	3673	3707	3843	3778	3612	3392	3998	3333	3538	3689	4175	3434	3742	3714	3988	3374	3574	3771	3781	3749	4015	3651	3604	4153	4022	3948	3826	3696	3822	3726	3617	3820	3502	3644	3967	3952	3771	3544	3336	4066	3359	3860	4146	3624	3549	3724	3640	3661	3795	4029	3779	3597	3847	3757	3684	3748	3612	3745	3575	3662	3614	3451	3770	3796	3572	3527	3726	3775	3560	3287	3906	3391	3838	3530
4016	3864	3902	3762	4229	3952	3910	4335	4054	3974	4157	3835	4172	4061	4091	3337	3742	4144	3759	3892	3528	4312	4334	4016	4084	4149	3951	4054	4023	4122	3937	3635	4306	4317	4357	4197	3824	4431	3845	3388	3934	4031	4281	4081	3805	3967	4145	3943	3732	3772	3957	4185	3773	3676	3871	4036	3959	3773	3781	3663	4148	3583	3902	4024	4304	3479	3975	3896	4002	3495	3920	4070	4215	4010	4231	3905	3919	4569	4391	4272	3878	4029	4066	3874	3778	4040	3610	3872	4108	4134	4247	3580	3687	4215	3575	4090	4316	4166	3885	3929	3896	3905	4425	4365	4021	3946	4054	4052	3773	3836	3732	3879	3850	3830	3696	3854	3913	3917	3867	3755	3955	4096	3727	3453	4032	3422	4314	3851
3640	3690	3790	3732	3721	3774	3511	3937	3870	3786	3718	3654	3987	3700	3676	3112	3567	3876	3633	3503	3236	4059	3915	3720	3809	3874	3493	3886	3628	3633	3631	3582	3719	3845	3912	3871	3563	4200	3669	3143	3841	3666	3587	3951	3700	3595	3903	3603	3468	3587	3702	3956	3502	3420	3725	3730	3608	3458	3478	3018	3776	3406	3535	3730	4066	3175	3720	3590	3726	3304	3555	3559	3749	3746	3745	3504	3478	4031	3901	3867	3827	3757	3972	3555	3259	3925	3587	3700	3832	3872	3914	3339	3391	3856	3167	3932	3991	3841	3513	3798	3592	3504	3983	3930	3759	3451	4066	3808	3645	3865	3516	3660	3509	3642	3287	3448	3813	3824	3702	3233	3679	3512	3387	3361	3804	3274	3747	3442
4362	3953	4114	4124	4254	4161	3927	4361	4428	4049	4188	4147	4319	4103	4092	3559	3989	4280	4162	3870	3565	4417	4403	4380	4201	4431	4080	4389	4068	4212	4099	3879	3995	4297	4501	4400	4149	4777	4147	3806	4372	4209	4114	4317	3981	4240	4096	4074	4029	4178	4212	4202	3736	3941	4099	4110	4209	4050	4039	3600	4265	3883	3931	4074	4443	3760	4079	4084	4242	3731	4022	3834	4337	4064	4380	4171	3809	4527	4357	4339	4203	4156	4189	4019	3731	4067	3913	3984	4364	4449	4501	3827	3745	4595	3530	4376	4367	4315	4020	4143	4068	4018	4252	4507	4359	4122	4388	4180	4168	4140	3969	3882	4093	4238	3739	4133	4312	4234	3898	3840	4141	4129	3866	3634	4056	3712	4111	3893
3737	3661	3871	3763	3793	4059	3664	3958	4032	3910	4038	3710	4113	3905	3846	3346	3769	3846	3819	3638	3246	4104	3983	3906	3932	3960	3738	3985	3647	3851	3648	3580	3814	3967	4130	4166	3755	4226	3754	3293	3905	3936	3980	3955	3652	3846	4042	3875	3604	3722	3738	4073	3542	3331	3540	3732	3804	3688	3682	3288	3910	3586	3680	3756	4194	3289	3700	3836	3993	3404	3683	3860	3693	3973	3793	3741	3536	4105	3914	3964	3779	3768	3922	3640	3580	3929	3619	3676	4033	3921	3993	3595	3421	4123	3361	4046	4196	3850	3678	3819	3480	3654	4081	4089	3743	3766	4176	3770	3684	3977	3545	3830	3682	3675	3395	3602	3907	3899	3540	3556	3745	3832	3659	3456	3957	3216	3853	3500